Autor;Emenda;Órgão;Aprovado;Alteração;Movimentação;Bloqueado;Autorizado;Empenhado;Liquidado;Pago;
"JOSÉ GOMES";"23.695.6207.9085.0027 - REALIZAÇÃO DE EVENTOS DE PROMOÇÃO DO TURISMO EM PROL DA COMUNIDADE DO DF";"SECRETARIA DE EST. DE TURISMO DO DISTRITO FEDERAL";0,00;9.604.636,00;0,00;0,00;9.604.636,00;9.604.636,00;9.604.636,00;9.604.636,00;
"ROOSEVELT VILELA";"10.302.8217.4057.0011 - ASSISTÊNCIA MÉDICA-ASSISTÊNCIA MÉDICA PARA USUARIOS DO SISTEMA DE SAÚDE DA CBMDF -DISTRITO FEDERAL";"FUNDO DE SAÚDE DO CORPO DE BOMBEIROS";0,00;7.000.000,00;0,00;0,00;7.000.000,00;7.000.000,00;6.999.994,41;6.999.994,41;
"VALDELINO BARCELOS";"15.451.6209.1110.8170 - EXECUÇÃO DE OBRAS DE URBANIZAÇÃO EM TODO O DISTRITO FEDERAL";"COMPANHIA URB. DA NOVA CAPITAL DO BRASIL-NOVACAP";8.500.000,00;-2.008.895,00;0,00;0,00;6.491.105,00;6.491.088,59;6.491.088,59;6.446.569,04;
"REGINALDO SARDINHA";"12.122.6221.9068.0193 - DESCENTRALIZAÇÃO DE RECURSOS FINANCEIROS PARA ESCOLAS DO DF - PDAF (EM 2020)";"SECRETARIA DE ESTADO DE EDUCAÇÃO DO DF";2.764.000,00;2.862.000,00;0,00;-785.000,00;4.841.000,00;4.841.000,00;4.841.000,00;4.841.000,00;
"JOÃO CARDOSO";"12.122.6221.9068.0199 - DESCENTRALIZAÇÃO DE RECURSOS FINANCEIROS PARA AS ESCOLAS DO DISTRITO FEDERAL- PROGRAMA PDAF";"SECRETARIA DE ESTADO DE EDUCAÇÃO DO DF";1.800.000,00;2.589.636,00;0,00;0,00;4.389.636,00;4.389.636,00;4.389.636,00;4.389.636,00;
"JOÃO CARDOSO";"12.122.6221.9068.0199 - DESCENTRALIZAÇÃO DE RECURSOS FINANCEIROS PARA AS ESCOLAS DO DISTRITO FEDERAL- PROGRAMA PDAF";"SECRETARIA DE ESTADO DE EDUCAÇÃO DO DF";3.000.000,00;1.140.000,00;0,00;0,00;4.140.000,00;4.140.000,00;4.140.000,00;4.140.000,00;
"PROF. REGINALDO VERAS";"12.122.6221.9068.0186 - DESCENTRALIZAÇÃO DE RECURSOS FINANCEIROS PARA AS ESCOLAS - PDAF";"SECRETARIA DE ESTADO DE EDUCAÇÃO DO DF";5.000.000,00;-881.000,00;0,00;0,00;4.119.000,00;4.119.000,00;4.119.000,00;4.119.000,00;
"ROBÉRIO NEGREIROS";"11.333.6207.2900.0011 - EXPANSÃO DA OFERTA DE QUALIFICAÇÃO SOCIAL PROFISSIONAL PARA JOVENS E ADULTOS-QUALIFICA DF 2020-DISTRITO FEDERAL";"SECR. DE ESTADO DE TRABALHO DO DISTRITO FEDERAL";0,00;2.000.000,00;2.000.000,00;0,00;4.000.000,00;4.000.000,00;2.220.400,00;2.220.400,00;
"DANIEL DONIZET";"15.451.6209.1110.8171 - EXECUÇÃO DE OBRAS DE URBANIZAÇÃO NO DISTRITO FEDERAL";"COMPANHIA URB. DA NOVA CAPITAL DO BRASIL-NOVACAP";3.000.000,00;1.000.000,00;0,00;0,00;4.000.000,00;3.988.292,93;3.835.037,99;3.833.554,26;
"ROOSEVELT VILELA";"10.301.8217.4057.0010 - ASSISTÊNCIA MÉDICA-ASSISTÊNCIA MÉDICA PARA USUARIOS DO SISTEMA DE SAÚDE DA PMDF -DISTRITO FEDERAL";"FUNDO DE SAÚDE DA POLÍCIA MILITAR";0,00;3.598.000,00;0,00;0,00;3.598.000,00;3.598.000,00;3.596.549,18;3.596.549,18;
"CHICO VIGILANTE";"12.122.6221.9068.0198 - DESCENTRALIZAÇÃO DE RECURSOS FINANCEIROS PARA ESCOLAS DO DISTRITO FEDERAL";"SECRETARIA DE ESTADO DE EDUCAÇÃO DO DF";3.000.000,00;136.480,00;0,00;0,00;3.136.480,00;3.136.480,00;3.136.480,00;3.136.480,00;
"LEANDRO GRASS";"12.122.6221.9068.0202 - PROGRAMA DE DESCENTRALIZAÇÃO DE RECURSOS FINANCEIROS PARA AS ESCOLAS PÚBLICAS DO DISTRITO FEDERAL - PDAF";"SECRETARIA DE ESTADO DE EDUCAÇÃO DO DF";3.500.000,00;-155.336,00;0,00;0,00;3.344.664,00;3.123.300,00;3.123.300,00;3.123.300,00;
"AGACIEL MAIA";"08.244.6228.4188.0014 - AÇÕES COMPLEMENTARES DE PROTEÇÃO SOCIAL BÁSICA--DISTRITO FEDERAL";"SECRETARIA DE EST. DE DESENV. SOCIAL DO DF";0,00;3.060.000,00;0,00;-50.000,00;3.010.000,00;3.010.000,00;3.010.000,00;3.010.000,00;
"ARLETE AVELAR SAMPAIO";"12.122.6221.9068.0201 - TRANSFERÊNCIA POR MEIO DE DESCENTRALIZAÇÃO FINANCEIRA - PDAF NO DF";"SECRETARIA DE ESTADO DE EDUCAÇÃO DO DF";4.465.636,00;-1.500.635,00;0,00;-1,00;2.965.000,00;2.965.000,00;2.965.000,00;2.965.000,00;
"HERMETO";"12.122.6221.9068.0191 - DESCENTRALIZAÇÃO DE RECURSOS FINANCEIROS PARA ESCOLAS DO DISTRITO FEDERAL ? PDAF";"SECRETARIA DE ESTADO DE EDUCAÇÃO DO DF";1.000.000,00;1.900.000,00;0,00;0,00;2.900.000,00;2.900.000,00;2.900.000,00;2.900.000,00;
"MARTINS MACHADO";"12.122.6221.9068.0192 - DESCENTRALIZAÇÃO DE RECURSOS FINANCEIROS PARA AS ESCOLAS DO DISTRITO FEDERAL - PDAF";"SECRETARIA DE ESTADO DE EDUCAÇÃO DO DF";3.000.000,00;-135.000,00;0,00;0,00;2.865.000,00;2.865.000,00;2.865.000,00;2.865.000,00;
"PROF. REGINALDO VERAS";"12.122.6221.9068.0186 - DESCENTRALIZAÇÃO DE RECURSOS FINANCEIROS PARA AS ESCOLAS - PDAF";"SECRETARIA DE ESTADO DE EDUCAÇÃO DO DF";5.000.000,00;-2.149.000,00;0,00;0,00;2.851.000,00;2.851.000,00;2.851.000,00;2.851.000,00;
"ROBÉRIO NEGREIROS";"15.451.6209.1110.8173 - EXECUÇÃO DE OBRAS DE URBANIZAÇÃO EM TODO O DISTRITO FEDERAL EM 2020";"COMPANHIA URB. DA NOVA CAPITAL DO BRASIL-NOVACAP";1.000.000,00;1.830.000,00;0,00;0,00;2.830.000,00;2.830.000,00;2.710.000,00;2.698.208,86;
"JÚLIA LUCY";"10.301.6202.3135.0036 - CONSTRUÇÃO DE PRÉDIOS E PRÓPRIOS - UNIDADES BÁSICAS DE SAÚDE";"COMPANHIA URB. DA NOVA CAPITAL DO BRASIL-NOVACAP";0,00;0,00;2.676.187,97;0,00;2.676.187,97;2.676.187,97;2.287.413,24;2.282.536,32;
"CLÁUDIO ABRANTES";"12.122.6221.9068.0208 - TRANSFERÊNCIA POR MEIO DE DESCENTRALIZAÇÃO DE RECURSOS FINANCEIROS PARA AS ESCOLAS DO DISTRITO FEDERAL - PDAF";"SECRETARIA DE ESTADO DE EDUCAÇÃO DO DF";0,00;2.600.000,00;0,00;0,00;2.600.000,00;2.600.000,00;2.600.000,00;2.600.000,00;
"CHICO VIGILANTE";"12.122.6221.9068.0198 - DESCENTRALIZAÇÃO DE RECURSOS FINANCEIROS PARA ESCOLAS DO DISTRITO FEDERAL";"SECRETARIA DE ESTADO DE EDUCAÇÃO DO DF";2.000.000,00;546.650,00;0,00;0,00;2.546.650,00;2.546.650,00;2.546.650,00;2.546.650,00;
"JOSÉ GOMES";"10.301.6202.3135.0042 - CONSTRUÇÃO DE UNIDADES BÁSICAS DE SAÚDE-UBS-DISTRITO FEDERAL";"COMPANHIA URB. DA NOVA CAPITAL DO BRASIL-NOVACAP";0,00;0,00;2.500.000,00;0,00;2.500.000,00;2.500.000,00;1.420.950,55;1.413.381,08;
"JORGE VIANNA";"10.122.6202.4166.0022 - PLANEJAMENTO E GESTÃO DA ATENÇÃO ESPECIALIZADA-PROGRAMA DE DESCENTRALIZAÇÃO PROGRESSIVA DAS AÇÕES DE SAÚDE  - PDPAS-SES-2020-DISTRITO FEDERAL";"SECRETARIA DE ESTADO DE SAÚDE DO DISTRITO FEDERAL";0,00;0,00;2.400.000,00;0,00;2.400.000,00;2.400.000,00;2.400.000,00;2.400.000,00;
"EDUARDO PEDROSA";"13.392.6219.9075.0116 - TRANSFERÊNCIA DE RECURSOS PARA PROJETOS CULTURAIS EM PROL DE TODA COMUNIDADE DO DF";"SECRETARIA DE EST. DE CULTURA E ECON. CRIAT. DO DF";1.900.000,00;770.000,00;0,00;-52.000,00;2.618.000,00;2.389.000,77;2.389.000,77;2.389.000,77;
"LEANDRO GRASS";"12.122.6221.9068.0202 - PROGRAMA DE DESCENTRALIZAÇÃO DE RECURSOS FINANCEIROS PARA AS ESCOLAS PÚBLICAS DO DISTRITO FEDERAL - PDAF";"SECRETARIA DE ESTADO DE EDUCAÇÃO DO DF";2.500.000,00;-120.200,00;0,00;0,00;2.379.800,00;2.379.800,00;2.379.800,00;2.379.800,00;
"IOLANDO ALMEIDA";"15.451.6209.1110.8159 - INFRAESTRUTURA E URBANIZAÇÃO EM BRAZLANDIA";"COMPANHIA URB. DA NOVA CAPITAL DO BRASIL-NOVACAP";2.300.000,00;0,00;0,00;0,00;2.300.000,00;2.299.894,16;2.299.894,16;2.299.894,16;
"FERNANDO FERNANDES";"10.301.6202.3135.0043 - CONSTRUÇÃO DE UNIDADES BÁSICAS DE SAÚDE-UBS DA QNR 02- CEILÂNDIA";"COMPANHIA URB. DA NOVA CAPITAL DO BRASIL-NOVACAP";0,00;2.290.500,00;0,00;0,00;2.290.500,00;2.290.500,00;1.222.992,34;1.212.686,25;
"ROBÉRIO NEGREIROS";"11.122.8207.8517.0164 - MANUTENÇÃO DE SERVIÇOS ADMINISTRATIVOS GERAIS-EM 2020-DISTRITO FEDERAL";"SECR. DE ESTADO DE TRABALHO DO DISTRITO FEDERAL";0,00;2.391.657,00;0,00;0,00;2.391.657,00;2.086.343,00;2.086.343,00;2.061.306,89;
"HERMETO";"13.392.6219.9075.0125 - APOIO À EVENTOS EM TODO DISTRITO FEDERAL";"SECRETARIA DE EST. DE CULTURA E ECON. CRIAT. DO DF";1.424.636,00;646.037,00;0,00;0,00;2.070.673,00;2.070.672,80;2.070.672,80;2.070.672,80;
"REGINALDO SARDINHA";"12.122.6221.9068.0193 - DESCENTRALIZAÇÃO DE RECURSOS FINANCEIROS PARA ESCOLAS DO DF - PDAF (EM 2020)";"SECRETARIA DE ESTADO DE EDUCAÇÃO DO DF";2.764.000,00;-665.000,00;0,00;0,00;2.099.000,00;2.069.000,00;2.069.000,00;2.069.000,00;
"JAQUELINE SILVA";"26.782.6216.5745.0016 - EXECUÇÃO DE PAVIMENTAÇÃO ASFÁLTICA-VC 371- SANTA MARIA";"DEPTO DE ESTRADAS E RODAGEM DO DF - DER/DF";0,00;2.000.000,00;0,00;0,00;2.000.000,00;2.000.000,00;2.000.000,00;2.000.000,00;
"VALDELINO BARCELOS";"12.122.6221.9068.0190 - DESCENTRALIZAÇÃO DE RECURSOS FINANCEIROS PARA AS ESCOLAS";"SECRETARIA DE ESTADO DE EDUCAÇÃO DO DF";2.000.000,00;0,00;0,00;0,00;2.000.000,00;2.000.000,00;2.000.000,00;2.000.000,00;
"JORGE VIANNA";"10.122.6202.4166.0003 - PROGRAMA DE DESCENTRALIZAÇÃO PROGRESSIVA DAS AÇÕES DE SAÚDE - PDPAS-SES 2020";"SECRETARIA DE ESTADO DE SAÚDE DO DISTRITO FEDERAL";0,00;0,00;2.000.000,00;0,00;2.000.000,00;2.000.000,00;2.000.000,00;2.000.000,00;
"IOLANDO ALMEIDA";"15.451.6209.1110.8175 - INFRAESTRUTURA E URBANIZAÇÃO NAS RAS IA";"COMPANHIA URB. DA NOVA CAPITAL DO BRASIL-NOVACAP";1.000.000,00;1.000.002,00;0,00;0,00;2.000.002,00;2.000.000,00;2.000.000,00;2.000.000,00;
"JAQUELINE SILVA";"26.782.6216.5745.0015 - EXECUÇÃO DE PAVIMENTAÇÃO ASFÁLTICA-VC 371- SANTA MARIA";"DEPTO DE ESTRADAS E RODAGEM DO DF - DER/DF";0,00;2.000.000,00;0,00;0,00;2.000.000,00;2.000.000,00;2.000.000,00;2.000.000,00;
"VALDELINO BARCELOS";"10.122.6202.4166.0010 - PLANEJAMENTO E GESTÃO DA ATENÇÃO ESPECIALIZADA-AQUISIÇÃO DE MEDICAMENTOS  - COVID-19 - SES-DISTRITO FEDERAL";"SECRETARIA DE ESTADO DE SAÚDE DO DISTRITO FEDERAL";0,00;0,00;0,00;0,00;0,00;1.999.999,96;1.999.999,96;1.999.999,96;
"PROF. REGINALDO VERAS";"10.303.6202.4216.0021 - AQUISIÇÃO DE MEDICAMENTOS - ASSISTÊNCIA À SAÚDE PÚBLICA";"SECRETARIA DE ESTADO DE SAÚDE DO DISTRITO FEDERAL";0,00;0,00;2.000.000,00;0,00;2.000.000,00;1.996.437,78;1.882.286,48;1.882.286,48;
"ROOSEVELT VILELA";"06.181.8217.8517.0162 - MANUTENÇÃO DE SERVIÇOS ADMINISTRATIVOS GERAIS- - PMDF-DISTRITO FEDERAL";"POLÍCIA MILITAR DO DISTRITO FEDERAL - PMDF";0,00;1.968.687,99;0,00;0,00;1.968.687,99;1.962.537,64;1.962.537,64;1.962.537,64;
"CLÁUDIO ABRANTES";"13.392.6219.9075.0140 - TRANSFERÊNCIA DE RECURSOS PARA PROJETOS CULTURAIS - APOIO A EVENTOS NO DISTRITO FEDERAL";"SECRETARIA DE EST. DE CULTURA E ECON. CRIAT. DO DF";2.162.636,00;430.000,00;-400.000,00;-120.000,00;2.072.636,00;1.918.106,65;1.918.106,65;1.918.106,65;
"DANIEL DONIZET";"12.122.6221.9068.0194 - DESCENTRALIZAÇÃO DE RECURSOS FINANCEIROS PARA AS ESCOLAS DO DISTRITO FEDERAL - PDAF";"SECRETARIA DE ESTADO DE EDUCAÇÃO DO DF";1.829.600,00;0,00;0,00;0,00;1.829.600,00;1.829.600,00;1.829.600,00;1.829.600,00;
"AGACIEL MAIA";"12.122.6221.9068.0207 - DESCENTRALIZAÇÃO DE RECURSOS FINANCEIROS PARA ESCOLAS PÚBLICAS DF - PDAF - H";"SECRETARIA DE ESTADO DE EDUCAÇÃO DO DF";4.000.000,00;-2.185.000,00;0,00;0,00;1.815.000,00;1.815.000,00;1.815.000,00;1.815.000,00;
"ARLETE AVELAR SAMPAIO";"25.752.6209.1836.7004 - ILUMINAÇÃO PÚBLICA NO PLANO PILOTO";"ADMINISTRAÇÃO REGIONAL DO PLANO PILOTO";1.803.000,00;0,00;0,00;0,00;1.803.000,00;1.799.623,76;1.766.744,24;1.710.208,38;
"JOSÉ GOMES";"12.122.6221.9068.0185 - TRANSFERÊNCIA POR MEIO DE DESCENTRALIZAÇÃO DE RECURSOS FINANCEIROS PARA AS ESCOLAS -  DISTRITO FEDERAL - PDAF";"SECRETARIA DE ESTADO DE EDUCAÇÃO DO DF";2.000.000,00;-300.000,00;0,00;0,00;1.700.000,00;1.700.000,00;1.700.000,00;1.700.000,00;
"EDUARDO PEDROSA";"12.122.6221.9068.0184 - DESCENTRALIZÇÃO DE RECURSOS FINANCEIROS EM PROL DAS REGIONAIS DE ENSINO DO DF";"SECRETARIA DE ESTADO DE EDUCAÇÃO DO DF";3.500.000,00;-1.817.235,00;0,00;-2,00;1.682.763,00;1.682.763,00;1.682.763,00;1.682.763,00;
"RODRIGO DELMASSO";"15.752.6209.8507.0027 - MANUTENÇÃO DO SISTEMA DE ILUMINAÇÃO PÚBLICA-MODERNIZAÇÃO E EFICIENTIZAÇÃO DA ILUMINAÇÃO PÚBLICA- SIA";"SECRETARIA DE ESTADO DE OBRAS E INFRAEST. DO DF";0,00;0,00;1.650.000,00;0,00;1.650.000,00;1.649.966,40;488.184,24;472.562,35;
"IOLANDO ALMEIDA";"15.451.6209.1110.0338 - EXECUÇÃO DE OBRAS DE URBANIZAÇÃO-INFRAESTUTURA E URBANIZAÇÃO I NAS RAS-DISTRITO FEDERAL";"COMPANHIA URB. DA NOVA CAPITAL DO BRASIL-NOVACAP";0,00;1.600.000,00;0,00;0,00;1.600.000,00;1.600.000,00;1.600.000,00;1.572.745,40;
"FERNANDO FERNANDES";"15.451.6209.1110.0327 - EXECUÇÃO DE OBRAS DE URBANIZAÇÃO-- CONSTRUÇÃO E REFORMA DE CALÇADAS EM CEILÂNDIA E SOL NASCENTE-DISTRITO FEDERAL";"COMPANHIA URB. DA NOVA CAPITAL DO BRASIL-NOVACAP";0,00;1.600.000,00;0,00;0,00;1.600.000,00;1.599.999,99;1.598.976,79;1.598.976,79;
"RAFAEL PRUDENTE";"15.752.6209.8507.6486 - MANUTENÇÃO DO SISTEMA DE ILUMINAÇÃO PÚBLICA-MANUTENÇÃO DO SISTEMA DE ILUMINAÇÃO PÚBLICA NAS REG. ADM. DO DF-DISTRITO FEDERAL";"SECRETARIA DE ESTADO DE OBRAS E INFRAEST. DO DF";1.000.000,00;514.333,00;0,00;0,00;1.514.333,00;1.514.332,08;247.418,03;239.500,62;
"JAQUELINE SILVA";"08.244.6228.4188.0017 - AÇÕES COMPLEMENTARES DE PROTEÇÃO SOCIAL BÁSICA-FORTALECIMENTO DAS AÇÕES VOLTADAS ÀS COOPERATIVAS DE CATADORES";"SECRETARIA DE EST. DE DESENV. SOCIAL DO DF";0,00;1.500.000,00;0,00;0,00;1.500.000,00;1.500.000,00;1.500.000,00;1.500.000,00;
"JAQUELINE SILVA";"26.782.6216.7220.7915 - CONSTRUÇÃO DE TERMINAL RODOVIÁRIO NA REGIÃO ADMINISTRATIVA DE SANTA MARIA-RA XIII";"SECRETARIA DE EST.DE TRANSPORTE E MOBILIDADE DO DF";1.500.000,00;0,00;0,00;0,00;1.500.000,00;1.500.000,00;1.500.000,00;1.500.000,00;
"CLÁUDIO ABRANTES";"15.122.6202.3135.0032 - CONSTRUÇÃO DE UNIDADES BÁSICAS DE SAÚDE-EXECUÇÃO DE OBRAS PARA UNIDADE BÁSICA DE SAÚDE NO VALE DO AMANHECER- PLANALTINA";"COMPANHIA URB. DA NOVA CAPITAL DO BRASIL-NOVACAP";2.000.000,00;-500.000,00;0,00;0,00;1.500.000,00;1.500.000,00;422.588,23;421.530,19;
"FERNANDO FERNANDES";"10.122.6202.4166.0021 - PLANEJAMENTO E GESTÃO DA ATENÇÃO ESPECIALIZADA-RECURSOS PARA O HOSPITAL REGIONAL DE CEILÂNDIA - PARA O COMBATE A PANDEMIA DO CORONA VÍRUS - COVID19-DISTRITO FEDERAL";"SECRETARIA DE ESTADO DE SAÚDE DO DISTRITO FEDERAL";0,00;0,00;1.500.000,00;0,00;1.500.000,00;1.500.000,00;1.500.000,00;1.500.000,00;
"IOLANDO ALMEIDA";"12.122.6221.9068.0181 - MANUTENÇÃO E CONSERVAÇÃO DE ESCOLAS DE BRAZLANDIA IA";"SECRETARIA DE ESTADO DE EDUCAÇÃO DO DF";1.980.000,00;-500.000,00;0,00;0,00;1.480.000,00;1.480.000,00;1.480.000,00;1.480.000,00;
"ARLETE AVELAR SAMPAIO";"13.392.6219.9075.0136 - TRANSFERÊNCIA DE RECURSOS PARA PROJETOS CULTURAIS EM TODO O DISTRITO FEDERAL";"SECRETARIA DE EST. DE CULTURA E ECON. CRIAT. DO DF";3.735.000,00;-1.685.000,00;-570.000,00;0,00;1.480.000,00;1.473.066,85;1.473.066,85;1.473.066,85;
"ROBÉRIO NEGREIROS";"15.452.6209.8508.9216 - MANUTENÇÃO DE ÁREAS URBANIZADAS E AJARDINADAS EM TODO O DISTRITO FEDERAL EM 2020";"COMPANHIA URB. DA NOVA CAPITAL DO BRASIL-NOVACAP";500.000,00;950.000,00;0,00;0,00;1.450.000,00;1.448.869,81;1.428.596,14;1.401.819,45;
"JAQUELINE SILVA";"12.122.6221.9068.0195 - DESCENTRALIZAÇÃO DE RECURSOS FINANCEIROS PARA ESCOLAS DO DISTRITO FEDERAL-PROGRAMA PDAF";"SECRETARIA DE ESTADO DE EDUCAÇÃO DO DF";1.440.000,00;0,00;0,00;0,00;1.440.000,00;1.440.000,00;1.440.000,00;1.440.000,00;
"FÁBIO FÉLIX";"10.302.6202.3467.9625 - AQUISIÇÃO DE EQUIPAMENTOS PARA A ÁREA DE SAÚDE";"SECRETARIA DE ESTADO DE SAÚDE DO DISTRITO FEDERAL";0,00;0,00;1.000.000,00;0,00;1.000.000,00;1.415.629,17;0,00;0,00;
"FÁBIO FÉLIX";"10.303.6202.4216.0024 - AQUISIÇÃO DE MEDICAMENTO PARA A POPULAÇÃO CARENTE DO DF";"SECRETARIA DE ESTADO DE SAÚDE DO DISTRITO FEDERAL";0,00;0,00;1.400.000,00;0,00;1.400.000,00;1.399.826,85;1.399.770,72;1.399.770,72;
"MARTINS MACHADO";"13.392.6219.9075.0126 - APOIO A PROJETOS CULTURAIS NO DISTRITO FEDERAL";"SECRETARIA DE EST. DE CULTURA E ECON. CRIAT. DO DF";1.000.000,00;493.535,00;0,00;-100.000,00;1.393.535,00;1.393.534,29;1.393.534,29;1.393.534,29;
"ROOSEVELT VILELA";"15.451.6206.1079.0013 - CONSTRUÇÃO DE ESPAÇO POLIESPORTIVO NO COLÉGIO DOM PEDRO II";"COMPANHIA URB. DA NOVA CAPITAL DO BRASIL-NOVACAP";1.922.000,00;-543.862,00;0,00;0,00;1.378.138,00;1.378.137,61;1.378.137,61;1.378.137,61;
"RODRIGO DELMASSO";"27.811.6206.9080.0071 - APOIO AO FOMENTO ESPORTIVO NO DISTRITO FEDERAL - 2021";"SECRETARIA DE ESTADO DE ESPORTE E LAZER DO DF";0,00;1.500.000,00;0,00;0,00;1.500.000,00;1.339.865,58;1.339.865,58;1.339.865,58;
"JÚLIA LUCY";"10.122.6202.4166.0007 - PLANEJAMENTO E GESTÃO DA ATENÇÃO ESPECIALIZADA - PROGRAMA DE DESCENTRALIZAÇÃO PROGRESSIVA - PDPAS";"SECRETARIA DE ESTADO DE SAÚDE DO DISTRITO FEDERAL";0,00;0,00;1.321.636,00;0,00;1.321.636,00;1.321.636,00;1.321.636,00;1.321.636,00;
"JORGE VIANNA";"12.122.6221.9068.0187 - DESCENTRALIZAÇÃO DE RECURSOS FINANCEIROS PARA ESCOLAS PÚBLICAS NO DF - PDAF - 2020";"SECRETARIA DE ESTADO DE EDUCAÇÃO DO DF";3.000.000,00;-1.700.000,00;0,00;0,00;1.300.000,00;1.300.000,00;1.300.000,00;1.300.000,00;
"HERMETO";"04.122.8205.2396.0051 - CONSERVAÇÃO DAS ESTRUTURAS FÍSICAS DE EDIFICAÇÕES PÚBLICAS-ADMINISTRAÇÃO REGIONAL- NÚCLEO BANDEIRANTE";"ADMINISTRAÇÃO REGIONAL DO  NÚCLEO BANDEIRANTE";1.500.000,00;200.000,00;0,00;0,00;1.700.000,00;1.298.572,64;1.298.572,64;1.298.572,64;
"FÁBIO FÉLIX";"12.122.6221.9068.0197 - TRANSFERÊNCIA DIRETA DE RECURSOS PARA A MELHORIA DAS ESCOLAS PÚBLICAS DO DF";"SECRETARIA DE ESTADO DE EDUCAÇÃO DO DF";3.000.000,00;-1.707.600,00;0,00;0,00;1.292.400,00;1.240.600,00;1.240.600,00;1.240.600,00;
"VALDELINO BARCELOS";"15.451.6209.1110.0321 - EXECUÇÃO DE OBRAS DE URBANIZAÇÃO-20320 - EXECUÇÃO DE OBRAS DE URBANIZAÇÃO EM TODO O DISTRITO FEDERAL -DISTRITO FEDERAL";"COMPANHIA URB. DA NOVA CAPITAL DO BRASIL-NOVACAP";0,00;1.200.000,00;0,00;0,00;1.200.000,00;1.199.894,02;1.199.894,02;1.199.894,02;
"MARTINS MACHADO";"27.812.6206.9080.0049 - APOIO A PROJETOS ESPORTIVOS";"SECRETARIA DE ESTADO DE ESPORTE E LAZER DO DF";1.500.000,00;-8.000,00;0,00;0,00;1.492.000,00;1.180.341,81;1.180.341,81;1.180.341,81;
"FÁBIO FÉLIX";"12.122.6221.9068.0197 - TRANSFERÊNCIA DIRETA DE RECURSOS PARA A MELHORIA DAS ESCOLAS PÚBLICAS DO DF";"SECRETARIA DE ESTADO DE EDUCAÇÃO DO DF";1.500.000,00;-390.800,00;0,00;0,00;1.109.200,00;1.109.200,00;1.109.200,00;1.109.200,00;
"RODRIGO DELMASSO";"14.243.6206.9080.0075 - TRANSFERÊNCIA DE RECURSOS PARA PROJETOS ESPORTIVOS-IMPLANTAÇÃO DO PROJETO VIVAVOLEI INCLASÃO NACIONAL-OCA-DISTRITO FEDERAL";"CASA CIVIL DO DISTRITO FEDERAL";0,00;0,00;1.100.000,00;0,00;1.100.000,00;1.099.992,66;1.099.992,66;549.996,33;
"IOLANDO ALMEIDA";"14.422.6211.2782.0012 - DESENVOLVIMENTO, INCLUSÃO E PROMOÇÃO SOCIAL-PROGRAMA DE INCLUSÃO PRODUTIVA E SOCIAL - PESSOA COM DEFICIENCIA - PLANO PILOTO .";"CASA CIVIL DO DISTRITO FEDERAL";0,00;1.100.000,00;0,00;-3,00;1.099.997,00;1.098.413,00;1.098.413,00;525.305,82;
"ROBÉRIO NEGREIROS - JÚLIA LUCY";"15.752.6209.8507.6488 - MANUTENÇÃO DO SISTEMA DE ILUMINAÇÃO PÚBLICA-MODERNIZAÇÃO E EFICIENTIZAÇÃO DE ILUMINAÇÃO PÚBLICA EM VÁRIAS REGIÕES ADMINISTRATIVAS DO DISTRITO FEDERAL EM 2020-DISTRITO FEDERAL";"SECRETARIA DE ESTADO DE OBRAS E INFRAEST. DO DF";1.000.000,00;95.716,00;0,00;-0,20;1.095.715,80;1.095.715,04;196.368,20;190.084,42;
"ROOSEVELT VILELA";"12.122.6221.9068.0206 - DESCENTRALIZAÇÃO DE RECURSOS FINANCEIROS PARA AS ESCOLAS DO DF - PDAF";"SECRETARIA DE ESTADO DE EDUCAÇÃO DO DF";5.974.636,00;-4.902.635,00;0,00;-1,00;1.072.000,00;1.072.000,00;1.072.000,00;1.072.000,00;
"AGACIEL MAIA";"13.392.6219.9075.0120 - APOIO A EVENTOS  CULTURAIS EM TODO DF - H";"SECRETARIA DE EST. DE CULTURA E ECON. CRIAT. DO DF";1.000.000,00;80.000,00;0,00;0,00;1.080.000,00;1.069.172,55;1.069.172,55;1.069.172,55;
"RAFAEL PRUDENTE";"12.122.6221.9068.0188 - TRANSFERÊNCIA POR MEIO DE DESCENTRALIZAÇÃO DE RECURSOS FINANCEIROS PARA AS ESCOLAS NAS REG. ADM. DO DF";"SECRETARIA DE ESTADO DE EDUCAÇÃO DO DF";1.750.000,00;-705.000,00;0,00;0,00;1.045.000,00;1.045.000,00;1.045.000,00;1.045.000,00;
"JÚLIA LUCY";"12.122.6221.9068.0204 - DESCENTRALIZAÇÃO DE RECURSOS FINANCEIROS NO DF - PDAF";"SECRETARIA DE ESTADO DE EDUCAÇÃO DO DF";2.000.000,00;-975.000,00;0,00;0,00;1.025.000,00;1.025.000,00;1.025.000,00;1.025.000,00;
"DANIEL DONIZET";"18.542.6210.9088.0007 - MANUTENÇÃO DO HOSPITAL VETERINÁRIO - HVET";"INSTITUTO DE MEIO AMBIENTE E REC. HÍDRICOS DO DF";500.000,00;500.000,00;0,00;0,00;1.000.000,00;1.000.000,00;1.000.000,00;1.000.000,00;
"ARLETE AVELAR SAMPAIO";"10.122.6202.4166.0024 - PLANEJAMENTO E GESTÃO DA ATENÇÃO ESPECIALIZADA-PDPAS - HOSPITAL REGIONAL DE CEILÃNDIA- CEILÂNDIA";"SECRETARIA DE ESTADO DE SAÚDE DO DISTRITO FEDERAL";0,00;0,00;1.000.000,00;0,00;1.000.000,00;1.000.000,00;1.000.000,00;1.000.000,00;
"JORGE VIANNA";"10.301.6202.3135.0038 - CONSTRUÇÃO DE INIDADES BÁSICAS DE SAÚDE - SES-DF - 2020";"COMPANHIA URB. DA NOVA CAPITAL DO BRASIL-NOVACAP";0,00;0,00;1.000.000,00;0,00;1.000.000,00;1.000.000,00;476.981,25;472.991,36;
"HERMETO";"10.301.8217.4057.0014 - CONTRATAÇÃO DE ASSISTÊNCIA MÉDICA PARA A POLÍCIA MILITAR DO DISTRITO FEDERAL";"POLÍCIA MILITAR DO DISTRITO FEDERAL - PMDF";1.000.000,00;0,00;0,00;0,00;1.000.000,00;1.000.000,00;998.425,67;998.425,67;
"FERNANDO FERNANDES";"10.302.6202.3467.0048 - AQUISIÇÃO DE EQUIPAMENTOS--DISTRITO FEDERAL";"SECRETARIA DE ESTADO DE SAÚDE DO DISTRITO FEDERAL";0,00;0,00;1.000.000,00;0,00;1.000.000,00;1.000.000,00;0,00;0,00;
"JOÃO CARDOSO";"15.451.6209.1110.8176 - EXECUÇÃO DE OBRAS DE INFRAESTRUTURAS NO DISTRITO FEDERAL";"COMPANHIA URB. DA NOVA CAPITAL DO BRASIL-NOVACAP";1.000.000,00;0,00;0,00;0,00;1.000.000,00;1.000.000,00;0,00;0,00;
"FÁBIO FÉLIX";"10.302.6202.2997.0002 - SERVIÇOS ASSISTENCIAIS COMPLEMENTARES EM TERAPIA INTENSIVA - UTI-SERVIÇOS ASSISTÊNCIAIS COMPLEMENTARES EM TERAPIA INTENSIVA - UTI -DISTRITO FEDERAL";"SECRETARIA DE ESTADO DE SAÚDE DO DISTRITO FEDERAL";0,00;0,00;1.000.000,00;0,00;1.000.000,00;1.000.000,00;1.000.000,00;1.000.000,00;
"CHICO VIGILANTE";"10.122.6202.4166.0013 - PLANEJAMENTO E GESTÃO DA ATENÇÃO ESPECIALIZADA-PDPAS NA REGIÃO ADMINISTRATIVA DE CEILÂNDIA- CEILÂNDIA";"SECRETARIA DE ESTADO DE SAÚDE DO DISTRITO FEDERAL";0,00;0,00;1.000.000,00;0,00;1.000.000,00;1.000.000,00;1.000.000,00;1.000.000,00;
"ROBÉRIO NEGREIROS";"11.244.8228.2396.0081 - CONSERVAÇÃO DAS ESTRUTURAS FÍSICAS DE EDIFICAÇÕES PÚBLICAS-- SETRAB - EM 2020-DISTRITO FEDERAL";"SECR. DE ESTADO DE TRABALHO DO DISTRITO FEDERAL";0,00;1.000.000,00;0,00;0,00;1.000.000,00;1.000.000,00;1.000.000,00;1.000.000,00;
"ARLETE AVELAR SAMPAIO";"10.302.6202.3467.0063 - AQUISIÇÃO DE EQUIPAMENTOS-PARA O COMBATE AO COVID-19-DISTRITO FEDERAL";"SECRETARIA DE ESTADO DE SAÚDE DO DISTRITO FEDERAL";0,00;0,00;1.000.000,00;0,00;1.000.000,00;1.000.000,00;0,00;0,00;
"RODRIGO DELMASSO";"15.451.6209.1110.0324 - EXECUÇÃO DE OBRAS DE URBANIZAÇÃO-EXECUÇÃO DE RECAPEAMENTO ASFÁLTICO- GUARÁ";"COMPANHIA URB. DA NOVA CAPITAL DO BRASIL-NOVACAP";0,00;0,00;1.000.000,00;0,00;1.000.000,00;1.000.000,00;1.000.000,00;1.000.000,00;
"RAFAEL PRUDENTE";"26.782.6216.7220.7916 - CONSTRUÇÃO DE TERMINAIS RODOVIÁRIOS NAS REG. ADM. DO DF";"SECRETARIA DE EST.DE TRANSPORTE E MOBILIDADE DO DF";1.000.000,00;0,00;0,00;0,00;1.000.000,00;1.000.000,00;1.000.000,00;1.000.000,00;
"MARTINS MACHADO";"26.785.6216.5745.0026 - EXECUÇÃO DE PAVIMENTAÇÃO ASFÁLTICA NO DISTRITO FEDERAL";"DEPTO DE ESTRADAS E RODAGEM DO DF - DER/DF";1.000.000,00;0,00;0,00;0,00;1.000.000,00;1.000.000,00;1.000.000,00;1.000.000,00;
"ARLETE AVELAR SAMPAIO";"10.302.6202.4009.0009 - AQUISIÇÃO DE INSUMOS E MATERIAL MÉDICO HOSPITALAR-AQUISIÇÃO DE EQUIPAMENTOS DE PROTEÇÃO INDIVIDUAL - COMBATE AO COVID19-DISTRITO FEDERAL";"SECRETARIA DE ESTADO DE SAÚDE DO DISTRITO FEDERAL";0,00;0,00;1.000.000,00;0,00;1.000.000,00;999.994,72;999.994,72;999.994,72;
"JORGE VIANNA";"10.303.6202.4216.0023 - AQUISIÇÃO DE MEDICAMENTOS PARA A SECRETARIA DE SAÚDE  - SES-DF 2020";"SECRETARIA DE ESTADO DE SAÚDE DO DISTRITO FEDERAL";0,00;0,00;1.000.000,00;0,00;1.000.000,00;999.969,38;938.874,38;938.874,38;
"ROBÉRIO NEGREIROS";"26.782.6216.1223.0004 - RECUPERAÇÃO DE OBRAS DE ARTE ESPECIAIS - PONTES, PASSARELAS E VIADUTOS--DISTRITO FEDERAL";"DEPTO DE ESTRADAS E RODAGEM DO DF - DER/DF";0,00;1.000.000,00;0,00;0,00;1.000.000,00;999.643,16;999.642,89;999.642,89;
"EDUARDO PEDROSA";"11.333.6207.9107.0046 - TRANSFERÊNCIA FINANCEIRA A ENTIDADES-APOIO A PROJETOS DE CAPACITAÇÃO DOS TRABALHADORES PARA EMPREENDEDORISMO E GERAÇÃO DE EMPREGO E RENDA -DISTRITO FEDERAL";"SECRETARIA DE EST. DE DESENV. SOCIAL DO DF";0,00;1.900.000,00;-450.000,00;0,00;1.450.000,00;999.313,14;999.313,14;999.313,14;
"REGINALDO SARDINHA";"15.752.6209.8507.6483 - MANUTENÇÃO DO SISTEMA DE ILUMINAÇÃO PÚBLICA-AMPLIAÇÃO DE PONTOS DE ILUMINAÇÃO PÚBLICA NO CRUZEIRO (EM 2020)- CRUZEIRO";"SECRETARIA DE ESTADO DE OBRAS E INFRAEST. DO DF";1.800.000,00;-800.000,00;0,00;0,00;1.000.000,00;998.625,52;357.844,83;346.393,80;
"RODRIGO DELMASSO";"15.752.6209.8507.0025 - MANUTENÇÃO DO SISTEMA DE ILUMINAÇÃO PÚBLICA-MODERNIZAÇÃO E EFICIENTIZAÇÃO DA ILUMINAÇÃO PÚBLICA- GUARÁ";"SECRETARIA DE ESTADO DE OBRAS E INFRAEST. DO DF";0,00;0,00;1.000.000,00;0,00;1.000.000,00;998.518,54;90.883,56;87.975,29;
"RODRIGO DELMASSO";"15.752.6209.8507.0026 - MANUTENÇÃO DO SISTEMA DE ILUMINAÇÃO PÚBLICA-MODERNIZAÇÃO E EFICIENTIZAÇÃO DA ILUMINAÇÃO PÚBLICA- RIACHO FUNDO";"SECRETARIA DE ESTADO DE OBRAS E INFRAEST. DO DF";0,00;0,00;999.775,34;0,00;999.775,34;998.309,21;147.492,93;142.773,16;
"REGINALDO SARDINHA";"13.392.6219.9075.0127 - APOIO A PROJETOS E EVENTOS CULTURAIS EM TODO O DF (EM 2020)";"SECRETARIA DE EST. DE CULTURA E ECON. CRIAT. DO DF";1.900.000,00;-890.000,00;0,00;0,00;1.010.000,00;992.728,57;992.728,57;992.728,57;
"CLÁUDIO ABRANTES";"27.392.6219.9075.0162 - TRANSFERÊNCIA DE RECURSOS PARA PROJETOS CULTURAIS-APOIO À REALIZAÇÃO DE EVENTOS NO DISTRITO FEDERAL-DISTRITO FEDERAL";"SECRETARIA DE EST. DE TURISMO DO DISTRITO FEDERAL";0,00;1.000.000,00;-46.000,00;0,00;954.000,00;952.894,25;952.894,25;952.894,25;
"REGINALDO SARDINHA";"25.752.6209.1836.7014 - AMPLIAÇÃO DOS PONTOS DE ILUMINAÇÃO PÚBLICA-AMPLIAÇÃO DA REDE DE ILUMINAÇÃO PÚBLICA NA RA DO PLANO PILOTO (EM 2020)- PLANO PILOTO .";"SECRETARIA DE ESTADO DE OBRAS E INFRAEST. DO DF";1.500.000,00;-529.926,00;0,00;-0,37;970.073,63;938.560,63;562.587,60;556.839,41;
"JORGE VIANNA";"10.302.6202.3736.0004 - IMPLANTAÇÃO DE BASES SO SERVIÇO DE ATENDIMENTO MÉDICO DE URGÊNCIA - SAMU-DF 2020";"COMPANHIA URB. DA NOVA CAPITAL DO BRASIL-NOVACAP";0,00;0,00;1.000.000,00;0,00;1.000.000,00;930.969,60;888.258,06;883.763,04;
"DANIEL DONIZET";"13.392.6219.9075.0128 - TRANSFERÊNCIA DE RECURSOS PARA PROJETOS CULTURAIS - DISTRITO FEDERAL";"SECRETARIA DE EST. DE CULTURA E ECON. CRIAT. DO DF";1.200.000,00;-188.443,00;0,00;-90.000,00;921.557,00;921.556,02;921.556,02;921.556,02;
"FÁBIO FÉLIX";"13.392.6219.9075.0138 - FORTALECIMENTO DAS INICIATIVAS CULTURAIS NO DF";"SECRETARIA DE EST. DE CULTURA E ECON. CRIAT. DO DF";3.700.000,00;-1.843.303,00;-120.000,00;0,00;1.736.697,00;886.696,69;886.696,69;886.696,69;
"VALDELINO BARCELOS";"06.181.6217.4031.0021 - INVESTIMENTO PARA AMPLIAÇÃO O PROJETO DE VIDEOMONITORAMENTO";"SECRETARIA DE EST. DE  SEGURANÇA PÚBLICA DO DF";1.000.000,00;0,00;0,00;0,00;1.000.000,00;880.599,44;0,00;0,00;
"LEANDRO GRASS";"13.392.6219.9075.0122 - APOIO A PROJETOS CULTURAIS NO DISTRITO FEDERAL";"SECRETARIA DE EST. DE CULTURA E ECON. CRIAT. DO DF";1.600.000,00;-554.000,00;-150.000,00;0,00;896.000,00;842.965,34;842.965,34;842.965,34;
"JÚLIA LUCY";"12.122.6221.9068.0203 - DESCENTRALIZAÇÃO DE RECURSOS FINANCEIROS NO DF - PDAF";"SECRETARIA DE ESTADO DE EDUCAÇÃO DO DF";2.400.000,00;-1.562.000,00;0,00;0,00;838.000,00;838.000,00;838.000,00;838.000,00;
"JAQUELINE SILVA";"13.392.6219.9075.0124 - APOIO A PROJETOS CULTURAIS NAS REGIÕES ADMINISTRATIVAS DO DF-DISTRITO FEDERAL";"SECRETARIA DE EST. DE CULTURA E ECON. CRIAT. DO DF";1.720.000,00;-870.000,00;0,00;-15.000,00;835.000,00;834.233,77;834.233,77;834.233,77;
"ROBÉRIO NEGREIROS";"11.333.6207.4102.0013 - APOIO AO TRABALHADOR NO ÂMBITO DO SISTEMA NACIONAL DE EMPREGO-MODERNIZAÇÃO DAS AGÊNCIAS DO TRABALHADOR 2020-DISTRITO FEDERAL";"SECR. DE ESTADO DE TRABALHO DO DISTRITO FEDERAL";0,00;1,00;1.000.000,00;0,00;1.000.001,00;826.305,80;826.305,80;826.305,80;
"RODRIGO DELMASSO";"12.122.6221.9068.0189 - DESCENTRALIZAÇÃO DE RECURSOS FINANCEIROS PARA AS ESCOLAS DO NÚCLEO BANDEIRANTE, CANDANGOLÂNDIA, RIACHO FUNDO I E II.";"SECRETARIA DE ESTADO DE EDUCAÇÃO DO DF";1.050.000,00;-231.700,00;0,00;0,00;818.300,00;818.300,00;818.300,00;818.300,00;
"AGACIEL MAIA";"12.122.6221.9068.0207 - DESCENTRALIZAÇÃO DE RECURSOS FINANCEIROS PARA ESCOLAS PÚBLICAS DF - PDAF - H";"SECRETARIA DE ESTADO DE EDUCAÇÃO DO DF";4.000.000,00;-3.190.000,00;0,00;0,00;810.000,00;810.000,00;810.000,00;810.000,00;
"IOLANDO ALMEIDA";"13.392.6219.2831.0089 - PROMOÇÃO DE ATIVIDADES CULTURAIS IA";"SECRETARIA DE EST. DE CULTURA E ECON. CRIAT. DO DF";0,00;800.000,00;0,00;0,00;800.000,00;795.375,02;795.375,02;795.375,02;
"JÚLIA LUCY";"13.392.6219.9075.0139 - TRANSFERÊNCIA DE RECURSOS PARA PROJETOS CULTURAIS";"SECRETARIA DE EST. DE CULTURA E ECON. CRIAT. DO DF";740.000,00;500.000,00;-300.000,00;0,00;940.000,00;785.559,07;785.559,07;785.559,07;
"HERMETO";"26.782.6216.5745.0013 - EXECUÇÃO DE PAVIMENTAÇÃO ASFÁLTICA-EXECUÇÃO DE PAVIMENTAÇÃO ASFÁLTICA NA REGIÃO ADMINISTRATIVA DO PARK WAY- PARK WAY";"DEPTO DE ESTRADAS E RODAGEM DO DF - DER/DF";0,00;780.000,00;0,00;0,00;780.000,00;780.000,00;780.000,00;780.000,00;
"CLÁUDIO ABRANTES";"15.451.6209.1110.8125 - EXECUÇÃO DE OBRAS DE URBANIZAÇÃO EM PLANALTINA";"ADMINISTRAÇÃO REGIONAL DE PLANALTINA";1.500.000,00;-460.000,00;0,00;0,00;1.040.000,00;761.400,73;761.400,73;749.628,89;
"ROOSEVELT VILELA";"20.845.6201.9107.0042 - TRANSFERÊNCIA FINANCEIRA A ENTIDADES-APOIO AO PARQUE GRANJA DO TORTO-DISTRITO FEDERAL";"SECRETARIA DE AGRIC. ABASTECIMENTO E DESENV RURAL";0,00;753.000,00;0,00;0,00;753.000,00;753.000,00;753.000,00;753.000,00;
"RAFAEL PRUDENTE";"12.122.6221.9068.0188 - TRANSFERÊNCIA POR MEIO DE DESCENTRALIZAÇÃO DE RECURSOS FINANCEIROS PARA AS ESCOLAS NAS REG. ADM. DO DF";"SECRETARIA DE ESTADO DE EDUCAÇÃO DO DF";1.250.000,00;-510.000,00;0,00;0,00;740.000,00;740.000,00;740.000,00;740.000,00;
"FÁBIO FÉLIX";"10.122.6202.4166.0006 - DESCENTRALIZAÇÃO DE RECURSOS DIRETO PARA AS REGIONAIS DE SAÚDE DO DF";"SECRETARIA DE ESTADO DE SAÚDE DO DISTRITO FEDERAL";0,00;0,00;700.000,00;0,00;700.000,00;700.000,00;700.000,00;700.000,00;
"IOLANDO ALMEIDA";"12.122.6221.9068.0238 - DESCENTRALIZAÇÃO DE RECURSOS FINANCEIROS PARA AS ESCOLAS DO DISTRITO FEDERAL - PDAF";"SECRETARIA DE ESTADO DE EDUCAÇÃO DO DF";0,00;700.000,00;0,00;0,00;700.000,00;700.000,00;700.000,00;700.000,00;
"ROOSEVELT VILELA";"25.752.6209.1836.0098 - AMPLIAÇÃO DOS PONTOS DE ILUMINAÇÃO PÚBLICA-MELHORIA E AMPLIAÇÃO DA REDE DE ILUMINAÇÃO PÚBLICA NO SETOR HOTELEIRO DE BRASÍLIA - PLANO PILOTO .";"ADMINISTRAÇÃO REGIONAL DO PLANO PILOTO";0,00;700.000,00;0,00;0,00;700.000,00;699.952,53;664.591,21;643.324,30;
"LEANDRO GRASS";"20.606.6209.7316.6037 - IMPLANTAÇÃO DE SISTEMAS SIMPLIFICADOS DE SANEAMENTO RURAL NO DISTRITO FEDERAL";"EMPRESA DE ASSIST. TÉC. E EXT. RURAL DO DF-EMATER";1.300.000,00;-558.000,00;0,00;0,00;742.000,00;683.119,80;683.119,80;683.119,80;
"JAQUELINE SILVA";"12.122.6221.9068.0216 - TRANSFERÊNCIA POR MEIO DE DESCENTRALIZAÇÃO DE RECURSOS FINANCEIROS PARA AS ESCOLAS-DESCENTRALIZAÇÃO DE RECURSOS FINANCEIROS PARA ESCOLAS DO DISTRITO FEDERAL- PDAF-DISTRITO FEDERAL";"SECRETARIA DE ESTADO DE EDUCAÇÃO DO DF";0,00;678.000,00;0,00;0,00;678.000,00;678.000,00;678.000,00;678.000,00;
"RAFAEL PRUDENTE";"26.782.6216.5745.0018 - EXECUÇÃO DE PAVIMENTAÇÃO ASFÁLTICA-PAVIMENTAÇÃO ASFÁLTICA NAS REG. ADM DO DF. -DISTRITO FEDERAL";"DEPTO DE ESTRADAS E RODAGEM DO DF - DER/DF";0,00;650.000,00;0,00;0,00;650.000,00;650.000,00;650.000,00;650.000,00;
"RODRIGO DELMASSO";"06.181.6217.4031.0026 - MONITORAMENTO POR CÂMERA DE VÍDEO-IMPLANTAÇÃO DO PROJTO DE VIDEOMONITORAMENTO NO GUARÁ- GUARÁ";"SECRETARIA DE EST. DE  SEGURANÇA PÚBLICA DO DF";0,00;0,00;700.000,00;0,00;700.000,00;624.962,78;624.962,78;624.962,78;
"JÚLIA LUCY";"16.482.6208.1213.0003 - CONSTRUÇÃO DE UNIDADES HABITACIONAIS-CONSTRUÇÃO DE UNIDADES HABITACIONAIS - SAMAMBAIA-DISTRITO FEDERAL";"COMPANHIA DE DESENV. DA HABITAÇÃO  DO DF - CODHAB";0,00;621.787,00;0,00;0,00;621.787,00;621.786,01;508.718,07;508.718,07;
"FÁBIO FÉLIX";"08.244.6228.9073.0015 - TRANSFERÊNCIA PARA PROTEÇÃO SOCIAL ESPECIAL--DISTRITO FEDERAL";"FUNDO DE ASSISTÊNCIA SOCIAL DO DISTRITO FEDERAL";0,00;600.000,00;0,00;0,00;600.000,00;599.999,97;599.999,97;599.999,97;
"EDUARDO PEDROSA";"25.451.6209.1836.7019 - AMPLIAÇÃO DOS PONTOS DE ILUMINAÇÃO PÚBLICA-IMPLANTAÇÃO DE LUZ DE LED PROL DE TODA COMUNIDADE DO DF-DISTRITO FEDERAL";"SECRETARIA DE ESTADO DE OBRAS E INFRAEST. DO DF";500.000,00;98.496,00;0,00;0,00;598.496,00;598.495,38;300.554,71;290.936,97;
"IOLANDO ALMEIDA";"15.752.6209.1836.7006 - SUBSTITUIÇÃO DE LUMINÁRIAS PARA EFICIENTIZAÇÃO ENERGÉTICA IA";"ADMINISTRAÇÃO REGIONAL DE  BRAZLANDIA";1.500.000,00;0,00;0,00;0,00;1.500.000,00;590.614,59;590.614,59;571.714,93;
"RODRIGO DELMASSO";"27.811.6206.9080.0044 - COPA FIVE FORCE DE JIU-JITSU";"SECRETARIA DE ESTADO DE ESPORTE E LAZER DO DF";600.000,00;200.000,00;0,00;0,00;800.000,00;590.329,85;590.329,85;590.329,85;
"RAFAEL PRUDENTE";"15.752.6209.1836.7020 - AMPLIAÇÃO DOS PONTOS DE ILUMINAÇÃO PÚBLICA-AMPLIAÇÃO DOS PONTOS DE ILUMINAÇÃO PÚBLICA NAS REG. ADM. DO DF-DISTRITO FEDERAL";"SECRETARIA DE ESTADO DE OBRAS E INFRAEST. DO DF";3.500.000,00;-2.896.000,00;0,00;0,00;604.000,00;589.010,58;19.240,32;18.913,83;
"RODRIGO DELMASSO";"27.812.6206.3048.0027 - REFORMA DE ESPAÇOS ESPORTIVOS-REFORMA DE QUADRA DE ESPORTE- RIACHO FUNDO";"ADMINISTRAÇÃO REGIONAL DO RIACHO FUNDO";0,00;591.500,00;0,00;0,00;591.500,00;587.678,58;587.678,58;587.678,58;
"DANIEL DONIZET";"26.782.6216.3182.0006 - REFORMA DO TERMINAL DE ÔNIBUS DE SOBRADINHO";"SECRETARIA DE EST.DE TRANSPORTE E MOBILIDADE DO DF";2.000.000,00;-1.445.349,00;0,00;0,00;554.651,00;554.650,58;554.650,58;554.650,58;
"IOLANDO ALMEIDA";"13.392.6219.9075.0168 - APOIO A PROJETOS CULTURAIS NO DISTRITO FEDERAL";"SECRETARIA DE EST. DE CULTURA E ECON. CRIAT. DO DF";0,00;550.000,00;0,00;0,00;550.000,00;550.000,00;550.000,00;550.000,00;
"JAQUELINE SILVA";"12.122.6221.9068.0219 - TRANSFERÊNCIA POR MEIO DE DESCENTRALIZAÇÃO DE RECURSOS FINANCEIROS PARA AS ESCOLAS--PROGRAMA PDAF-DISTRITO FEDERAL";"SECRETARIA DE ESTADO DE EDUCAÇÃO DO DF";0,00;550.000,00;0,00;0,00;550.000,00;550.000,00;550.000,00;550.000,00;
"DANIEL DONIZET";"12.122.6221.9068.0194 - DESCENTRALIZAÇÃO DE RECURSOS FINANCEIROS PARA AS ESCOLAS DO DISTRITO FEDERAL - PDAF";"SECRETARIA DE ESTADO DE EDUCAÇÃO DO DF";100.000,00;444.000,00;0,00;0,00;544.000,00;544.000,00;544.000,00;544.000,00;
"MARTINS MACHADO";"10.122.6202.4166.0005 - PROGRAMA DE ESTADO DE SAÚDE DO DISTRITO FEDERAL - PDPAS";"SECRETARIA DE ESTADO DE SAÚDE DO DISTRITO FEDERAL";0,00;0,00;544.000,00;0,00;544.000,00;544.000,00;544.000,00;544.000,00;
"JOSÉ GOMES";"12.122.6221.9068.0185 - TRANSFERÊNCIA POR MEIO DE DESCENTRALIZAÇÃO DE RECURSOS FINANCEIROS PARA AS ESCOLAS -  DISTRITO FEDERAL - PDAF";"SECRETARIA DE ESTADO DE EDUCAÇÃO DO DF";1.000.000,00;-411.000,00;0,00;0,00;589.000,00;539.000,00;539.000,00;539.000,00;
"REGINALDO SARDINHA";"15.451.6209.1110.8179 - CONSTRUÇÃO E REFORMA DE CALÇADAS (EM 2020)";"COMPANHIA URB. DA NOVA CAPITAL DO BRASIL-NOVACAP";400.000,00;120.000,00;0,00;0,00;520.000,00;520.000,00;366.081,08;366.081,08;
"JORGE VIANNA";"12.122.6221.9068.0187 - DESCENTRALIZAÇÃO DE RECURSOS FINANCEIROS PARA ESCOLAS PÚBLICAS NO DF - PDAF - 2020";"SECRETARIA DE ESTADO DE EDUCAÇÃO DO DF";1.000.000,00;-500.000,00;0,00;0,00;500.000,00;500.000,00;500.000,00;500.000,00;
"ROBÉRIO NEGREIROS";"06.181.6217.3098.0007 - REFORMA DE UNIDADES POLICIAIS E DELEGACIAS-REFORMA DE UNIDADES POLICIAIS E DELEGACIAS - DISTRITO FEDERAL -DISTRITO FEDERAL";"POLÍCIA CIVIL DO DISTRITO FEDERAL - PCDF";0,00;500.000,00;0,00;0,00;500.000,00;500.000,00;500.000,00;500.000,00;
"ROOSEVELT VILELA";"15.451.6209.4041.0004 - MANUTENÇÃO E CONSERVAÇÃO URBANÍSTICA-MANUNTENÇÃO E CONSERVAÇÃO URBANÍSTICA - RIACHO FUNDO I  - RIACHO FUNDO";"COMPANHIA URB. DA NOVA CAPITAL DO BRASIL-NOVACAP";0,00;0,00;500.000,00;0,00;500.000,00;500.000,00;103.751,40;97.380,68;
"FERNANDO FERNANDES";"10.122.6202.4166.0016 - PLANEJAMENTO E GESTÃO DA ATENÇÃO ESPECIALIZADA-AQUISIÇÃO DE MATERIAIS DE INSUMO-DISTRITO FEDERAL";"SECRETARIA DE ESTADO DE SAÚDE DO DISTRITO FEDERAL";0,00;0,00;500.000,00;0,00;500.000,00;500.000,00;500.000,00;500.000,00;
"LEANDRO GRASS";"12.122.6221.9068.0214 - TRANSFERÊNCIA POR MEIO DE DESCENTRALIZAÇÃO DE RECURSOS FINANCEIROS PARA AS ESCOLAS-PROG DE DESCENTRALIZACAO DE RECURSOS FINANCEIROS PARA ESCOLAS PUBLICAS - PDAF PARA COORD REGIONAL DO  NUCLEO BANDEIRANTE- NÚCLEO BANDEIRANTE";"SECRETARIA DE ESTADO DE EDUCAÇÃO DO DF";0,00;500.000,00;0,00;0,00;500.000,00;500.000,00;500.000,00;500.000,00;
"JAQUELINE SILVA";"15.451.6209.1110.8157 - EXECUÇÃO DE OBRAS E RECAPEAMENTO DA AVENIDA DOS PIONEIROS NO GAMA - RA II";"COMPANHIA URB. DA NOVA CAPITAL DO BRASIL-NOVACAP";1.500.000,00;-1.000.000,00;0,00;0,00;500.000,00;500.000,00;500.000,00;500.000,00;
"JOSÉ GOMES";"15.451.6209.1110.0317 - EXECUÇÃO DE OBRAS DE URBANIZAÇÃO-- RECANTO DAS EMAS";"ADMINISTRAÇÃO REGIONAL DO RECANTO DAS EMAS";0,00;500.000,00;0,00;0,00;500.000,00;500.000,00;495.087,17;495.020,31;
"ROBÉRIO NEGREIROS";"06.181.6217.3098.0006 - REFORMA DE UNIDADES POLICIAIS E DELEGACIAS-REFORMA DE UNIDADES POLICIAIS E DELEGACIAS - DISTRITO FEDERAL -DISTRITO FEDERAL";"POLÍCIA CIVIL DO DISTRITO FEDERAL - PCDF";0,00;500.000,00;0,00;0,00;500.000,00;500.000,00;500.000,00;500.000,00;
"ARLETE AVELAR SAMPAIO";"12.122.6221.9068.0201 - TRANSFERÊNCIA POR MEIO DE DESCENTRALIZAÇÃO FINANCEIRA - PDAF NO DF";"SECRETARIA DE ESTADO DE EDUCAÇÃO DO DF";500.000,00;0,00;0,00;0,00;500.000,00;500.000,00;500.000,00;500.000,00;
"JORGE VIANNA";"15.451.6208.1110.0331 - EXECUÇÃO DE OBRAS DE URBANIZAÇÃO-EXECUÇÃO DE OBRAS DE INFRAESTRUTURA E URBANISMO NAS CIDADES DO DF-DISTRITO FEDERAL";"COMPANHIA URB. DA NOVA CAPITAL DO BRASIL-NOVACAP";0,00;500.000,00;0,00;0,00;500.000,00;500.000,00;500.000,00;482.534,52;
"JÚLIA LUCY";"11.334.6207.9081.6203 - FINANCIAMENTO A PEQUENOS EMPREENDEDORES ECONÔMICOS--DF ENTORNO";"FUNDO P/A GERAÇÃO DE EMP. E RENDA DO DF - FUNGER";0,00;500.000,00;0,00;0,00;500.000,00;500.000,00;500.000,00;500.000,00;
"FÁBIO FÉLIX";"08.244.6228.9073.0014 - APOIO A PROJETOS E AÇÕES DA APAE/DF";"SECRETARIA DE EST. DE DESENV. SOCIAL DO DF";0,00;500.000,00;0,00;0,00;500.000,00;500.000,00;500.000,00;500.000,00;
"LEANDRO GRASS";"12.122.6221.9068.0225 - TRANSFERÊNCIA POR MEIO DE DESCENTRALIZAÇÃO DE RECURSOS FINANCEIROS PARA AS ESCOLAS-PROGRAMA DE DESCENTRALIZAÇÃO DE RECURSOS FINANCEIROS PARA AS ESCOLAS PÚBLICAS ? PDAF PARA COORDENAÇÃO REGIONAL DE ENSINO DE SOBRADINHO- SOBRADINHO";"SECRETARIA DE ESTADO DE EDUCAÇÃO DO DF";0,00;500.000,00;0,00;0,00;500.000,00;500.000,00;500.000,00;500.000,00;
"DANIEL DONIZET";"18.542.6210.9088.0006 - MANUTENÇÃO DA UNIDADE ITINERANTE DE CASTRAÇÃO GRATUITA DE CÃES E GATOS - CASTRAMOVEL/PETMOVEL";"INSTITUTO DE MEIO AMBIENTE E REC. HÍDRICOS DO DF";1.200.000,00;-700.000,00;0,00;0,00;500.000,00;500.000,00;500.000,00;500.000,00;
"ROOSEVELT VILELA";"06.181.6217.3029.0031 - MODERNIZAÇÃO E REEQUIPAMENTO DAS UNIDADES DE SEGURANÇA PÚBLICA-MODERNIZAÇÃO DO PARQUE TECNOLÓGICO DO CORPO DE BOMBEIROS MILITAR-DISTRITO FEDERAL";"CORPO DE BOMB. MILITAR DO DISTRITO FEDERAL - CBMDF";0,00;500.000,00;0,00;0,00;500.000,00;500.000,00;500.000,00;500.000,00;
"EDUARDO PEDROSA";"15.451.6209.1110.0328 - EXECUÇÃO DE OBRAS DE URBANIZAÇÃO-EXECUÇÃO DE OPERAÇÃO TAPA BURACO NO PAVIMENTO ASFÁLTICO EM PROL DE TODA COMUNIDADE DO DF-DISTRITO FEDERAL";"COMPANHIA URB. DA NOVA CAPITAL DO BRASIL-NOVACAP";0,00;500.000,00;0,00;0,00;500.000,00;499.999,50;499.999,50;499.999,50;
"FÁBIO FÉLIX";"10.302.6202.4009.0003 - AQUISIÇÃO DE INSUMOS E MATERIAL MÉDICO HOSPITALAR-AQUISIÇÃO DE INSUMOS E MATERIAL MÉDICO  HOSPITALAR -DISTRITO FEDERAL";"SECRETARIA DE ESTADO DE SAÚDE DO DISTRITO FEDERAL";0,00;0,00;500.000,00;0,00;500.000,00;499.971,30;499.971,30;499.971,30;
"HERMETO";"04.122.8205.2396.0038 - CONSERVAÇÃO DAS ESTRUTURAS FÍSICAS DE EDIFICAÇÕES PÚBLICAS-CANDANGOLÂNDIA- CANDANGOLÂNDIA";"ADMINISTRAÇÃO REGIONAL DA CANDANGOLÂNDIA";1.500.000,00;-1.000.000,00;0,00;0,00;500.000,00;499.831,19;439.087,57;430.305,84;
"HERMETO";"11.333.6207.9107.0045 - TRANSFERÊNCIA FINANCEIRA A ENTIDADES-AUXÍLIO À PROJETOS DE EMPREENDEDORISMO DAS MULHERES-DISTRITO FEDERAL";"SEC. DE ESTADO DE DESENVOLVIMENTO ECONÔMICO DO DF";0,00;0,00;500.000,00;0,00;500.000,00;489.558,56;489.558,56;489.558,56;
"EDUARDO PEDROSA";"11.334.6201.9107.0047 - TRANSFERÊNCIA FINANCEIRA A ENTIDADES-APOIO A PROJETOS DE CAPACITAÇÃO E EMPREENDEDORISMO EM PROL DAS MULHERES DO DF -DISTRITO FEDERAL";"SECRETARIA DE EST. DE CULTURA E ECON. CRIAT. DO DF";0,00;0,00;490.000,00;0,00;490.000,00;489.469,36;489.469,36;489.469,36;
"JOÃO CARDOSO";"06.181.6217.4031.0023 - INSTALAÇÃO DO PROJETO DE VIDEOMONITORAMENTO EM SOBRADINHO, SOBRADINHO II, FERCAL E SAÍDA NORTE";"SECRETARIA DE EST. DE  SEGURANÇA PÚBLICA DO DF";700.000,00;0,00;0,00;0,00;700.000,00;485.500,00;0,00;0,00;
"EDUARDO PEDROSA";"11.333.6201.9107.0039 - APOIO A PROJETOS DE CAPACITAÇÃO E EMPREENDEDORISMO EM PROL DOS TRABALAHDORES DO DF";"SEC. DE ESTADO DE DESENVOLVIMENTO ECONÔMICO DO DF";1.000.000,00;-510.000,00;0,00;-9.335,00;480.665,00;480.664,20;480.664,20;480.664,20;
"RODRIGO DELMASSO";"14.243.6211.9078.0031 - TRANSFERÊNCIA ÀS INSTITUIÇÕES DE ASSISTÊNCIA ÀS CRIANÇAS E AOS ADOLESCENTES-PROJETO ABRACE A ECOTERAPIA-DISTRITO FEDERAL";"CASA CIVIL DO DISTRITO FEDERAL";0,00;480.000,00;0,00;0,00;480.000,00;480.000,00;480.000,00;480.000,00;
"CHICO VIGILANTE";"13.392.6219.9075.0129 - APOIO À PROJETOS CULTURAIS NO DISTRITO FEDERAL";"SECRETARIA DE EST. DE CULTURA E ECON. CRIAT. DO DF";650.000,00;0,00;0,00;0,00;650.000,00;479.966,00;479.966,00;479.966,00;
"REGINALDO SARDINHA";"27.812.6206.9080.0051 - APOIO A PROJETOS ESPORTIVOS EM TODO O DISTRITO FEDERAL (EM 2020)";"SECRETARIA DE ESTADO DE ESPORTE E LAZER DO DF";670.000,00;-170.000,00;0,00;0,00;500.000,00;472.666,14;472.666,14;472.666,14;
"IOLANDO ALMEIDA";"15.451.6209.1110.0335 - EXECUÇÃO DE OBRAS DE URBANIZAÇÃO- - AQUISIÇÃO DE MATERIAIS EM BRAZLANDIA - BRAZLÂNDIA";"ADMINISTRAÇÃO REGIONAL DE  BRAZLANDIA";0,00;500.000,00;0,00;0,00;500.000,00;470.620,72;470.620,72;462.760,26;
"ROBÉRIO NEGREIROS";"12.122.6221.9068.0196 - DESCENTRALIZAÇÃO DE RECURSOS FINANCEIROS PARA ESCOLAS EM 2020";"SECRETARIA DE ESTADO DE EDUCAÇÃO DO DF";500.000,00;-30.000,00;0,00;0,00;470.000,00;470.000,00;470.000,00;470.000,00;
"ARLETE AVELAR SAMPAIO";"10.303.6202.4216.0027 - AQUISIÇÃO DE MEDICAMENTOS-ASSISTÊNCIA A SAÚDE PÚBLICA-DISTRITO FEDERAL";"SECRETARIA DE ESTADO DE SAÚDE DO DISTRITO FEDERAL";0,00;0,00;500.000,00;0,00;500.000,00;469.973,79;288.930,18;288.930,18;
"JÚLIA LUCY";"12.365.6219.9075.0172 - TRANSFERÊNCIA DE RECURSOS PARA PROJETOS CULTURAIS-TRANSFERÊNCIA DE RECURSOS PARA PROJETOS NO DISTRITO FEDERAL-DISTRITO FEDERAL";"SECRETARIA DE EST. DE TURISMO DO DISTRITO FEDERAL";0,00;620.000,00;0,00;0,00;620.000,00;468.932,98;468.932,98;468.932,98;
"JORGE VIANNA";"15.752.6209.8507.0031 - MANUTENÇÃO DO SISTEMA DE ILUMINAÇÃO PÚBLICA-MODERNIZAÇÃO, REVITALIZAÇAÕ E EFICIÊNCIA NO SISTEMA DE ILUMINAÇÃO PÚBLICA NAS CIDADES DO DF-DISTRITO FEDERAL";"SECRETARIA DE ESTADO DE OBRAS E INFRAEST. DO DF";0,00;500.000,00;0,00;0,00;500.000,00;468.515,39;173.421,25;167.871,78;
"ROBÉRIO NEGREIROS - ARLETE AVELAR SAMPAIO";"11.334.6207.9107.0058 - TRANSFERÊNCIA FINANCEIRA A ENTIDADES-APOIO AOS PROJETOS DE GERAÇÃO DE EMPREGO E RENDA-DISTRITO FEDERAL";"SECR. DE ESTADO DE TRABALHO DO DISTRITO FEDERAL";0,00;210.000,00;240.000,00;0,00;450.000,00;450.000,00;450.000,00;450.000,00;
"REGINALDO SARDINHA";"15.812.6206.1079.0022 - CONSTRUÇÃO DE ESPAÇOS ESPORTIVOS-CONSTRUÇÃO DE QUADRA POLIESPORTIVA COBERTA NO CRUZEIRO (EM 2020)- CRUZEIRO";"COMPANHIA URB. DA NOVA CAPITAL DO BRASIL-NOVACAP";0,00;450.000,00;0,00;0,00;450.000,00;450.000,00;450.000,00;450.000,00;
"DANIEL DONIZET";"15.451.6209.8507.6478 - ILUMINAÇÃO COM LED NAS AVENIDAS DO GAMA";"SECRETARIA DE ESTADO DE OBRAS E INFRAEST. DO DF";0,00;0,00;450.000,00;0,00;450.000,00;449.822,13;109.843,02;106.328,05;
"EDUARDO PEDROSA";"11.333.6207.9107.0046 - TRANSFERÊNCIA FINANCEIRA A ENTIDADES-APOIO A PROJETOS DE CAPACITAÇÃO DOS TRABALHADORES PARA EMPREENDEDORISMO E GERAÇÃO DE EMPREGO E RENDA -DISTRITO FEDERAL";"SECRETARIA DE EST. DE CULTURA E ECON. CRIAT. DO DF";0,00;0,00;450.000,00;0,00;450.000,00;449.820,00;449.820,00;449.820,00;
"REGINALDO SARDINHA";"06.181.6217.4031.0024 - INSTALAÇÃO DE CÂMERAS DE MONITORAMENTO NAS REGIÕES ADMINISTRATIVAS DO SUDOESTE/OCTOGONAL E CRUZEIRO";"SECRETARIA DE EST. DE  SEGURANÇA PÚBLICA DO DF";420.000,00;28.763,53;0,00;0,00;448.763,53;448.763,53;448.763,53;448.763,53;
"JAQUELINE SILVA - JÚLIA LUCY";"15.451.6209.1110.8178 - EXECUÇÃO DE OBRAS DE URBANIZAÇÃO NAS REGIÕES ADMINISTRATIVAS DO DISTRITO FEDERAL-DF";"COMPANHIA URB. DA NOVA CAPITAL DO BRASIL-NOVACAP";500.000,00;-59.999,00;0,00;-1,00;440.000,00;440.000,00;286.774,82;285.611,60;
"JAQUELINE SILVA - JÚLIA LUCY";"15.752.6209.1836.7022 - AMPLIAÇÃO DOS PONTOS DE ILUMINAÇÃO PÚBLICA-AMPLIAÇÃO DE ILUMINAÇÃO PÚBLICAS NAS REGIÕES ADMINISTRATIVAS DO DISTRITO FEDERAL-DF-DISTRITO FEDERAL";"SECRETARIA DE ESTADO DE OBRAS E INFRAEST. DO DF";906.000,00;-500.000,00;0,00;0,00;406.000,00;405.933,45;12.681,12;12.275,33;
"ARLETE AVELAR SAMPAIO";"15.451.6209.1110.8177 - OBRAS DE URBANIZAÇÃO NAS CIDADES";"COMPANHIA URB. DA NOVA CAPITAL DO BRASIL-NOVACAP";2.195.000,00;-1.795.000,00;0,00;0,00;400.000,00;400.000,00;330.404,16;325.900,12;
"IOLANDO ALMEIDA";"12.122.6221.9068.0238 - DESCENTRALIZAÇÃO DE RECURSOS FINANCEIROS PARA AS ESCOLAS DO DISTRITO FEDERAL - PDAF";"SECRETARIA DE ESTADO DE EDUCAÇÃO DO DF";0,00;400.000,00;0,00;0,00;400.000,00;400.000,00;400.000,00;400.000,00;
"LEANDRO GRASS";"12.122.6221.9068.0232 - TRANSFERÊNCIA POR MEIO DE DESCENTRALIZAÇÃO DE RECURSOS FINANCEIROS PARA AS ESCOLAS-PROGRAMA DE DESCENTRALIZAÇÃO DE RECURSOS FINANCEIROS PARA AS ESCOLAS PÚBLICAS- PDAF PARA COORDENAÇÃO REGIONAL DE ENSINO DE SOBRADINHO- SOBRADINHO";"SECRETARIA DE ESTADO DE EDUCAÇÃO DO DF";0,00;400.000,00;0,00;0,00;400.000,00;400.000,00;400.000,00;400.000,00;
"PROF. REGINALDO VERAS";"10.122.6202.4166.0019 - PLANEJAMENTO E GESTÃO DA ATENÇÃO ESPECIALIZADA-PROGRAMA DE DESCENTRALIZAÇÃO PROGRESSIVA DAS AÇÕES DE SAÚDE - PDPAS - HOSPITAL DE CEILÂNDIA-DISTRITO FEDERAL";"SECRETARIA DE ESTADO DE SAÚDE DO DISTRITO FEDERAL";0,00;0,00;400.000,00;0,00;400.000,00;400.000,00;400.000,00;400.000,00;
"HERMETO";"27.812.6206.9080.0069 - TRANSFERÊNCIA DE RECURSOS PARA PROJETOS ESPORTIVOS-REALIZAÇÃO DE PROJETOS ESPORTIVOS-DISTRITO FEDERAL";"SECRETARIA DE ESTADO DE ESPORTE E LAZER DO DF";0,00;500.000,00;0,00;0,00;500.000,00;400.000,00;400.000,00;400.000,00;
"JAQUELINE SILVA";"08.244.6228.4188.0015 - AÇÕES COMPLEMENTARES DE PROTEÇÃO SOCIAL BÁSICA--DISTRITO FEDERAL";"SECRETARIA DE EST. DE DESENV. SOCIAL DO DF";0,00;400.000,00;0,00;0,00;400.000,00;400.000,00;400.000,00;400.000,00;
"IOLANDO ALMEIDA";"10.122.6202.4166.0025 - PROGRAMA DE DESCENTRALIZAÇÃO PROGRESSIVA DA AÇÕES DE SAÚDE - PDPAS-SES-2021";"SECRETARIA DE ESTADO DE SAÚDE DO DISTRITO FEDERAL";0,00;0,00;400.000,00;0,00;400.000,00;400.000,00;400.000,00;400.000,00;
"CLÁUDIO ABRANTES";"15.451.6209.1110.8181 - EXECUÇÃO DE OBRAS DE URBANIZAÇÃO EM TODO O DISTRITO FEDERAL EM 2019";"ADMINISTRAÇÃO REGIONAL DE PLANALTINA";0,00;0,00;400.000,00;0,00;400.000,00;400.000,00;400.000,00;400.000,00;
"EDUARDO PEDROSA";"14.243.6211.9078.0018 - REALIZAÇÃO DE EVENTOS DE PROMOÇÃO DA CIDADANIA EM PROL DE TODA COMUNIDADE DO DF";"SECRETARIA DE EST. DE JUSTIÇA E CIDADANIA DO DF";0,00;399.990,65;0,00;0,00;399.990,65;399.990,65;399.990,65;399.990,65;
"JOSÉ GOMES";"15.752.6209.1836.7018 - AMPLIAÇÃO DOS PONTOS DE ILUMINAÇÃO PÚBLICA-AMPLIAÇÃO DOS PONTOS DE ILUMINAÇÃO PÚBLICA DO DISTRITO FEDERAL - DF-DISTRITO FEDERAL";"SECRETARIA DE ESTADO DE OBRAS E INFRAEST. DO DF";2.000.000,00;-1.600.000,00;0,00;0,00;400.000,00;391.392,93;11.077,76;11.077,76;
"RODRIGO DELMASSO";"12.122.6221.9068.0182 - DESCENTRALIZAÇÃO DE RECURSOS FINANCEIROS PARA AS ESCOLAS DO GUARÁ.";"SECRETARIA DE ESTADO DE EDUCAÇÃO DO DF";390.000,00;0,00;0,00;0,00;390.000,00;390.000,00;390.000,00;390.000,00;
"IOLANDO ALMEIDA";"13.392.6219.9075.0164 - APOIO A REAZALIZAÇÃO DE EVENTOS CULTURAIS NO DISTRITO FEDERAL-2021";"SECRETARIA DE EST. DE CULTURA E ECON. CRIAT. DO DF";0,00;400.000,00;0,00;0,00;400.000,00;389.840,80;389.840,80;389.840,80;
"FÁBIO FÉLIX";"08.244.6228.4187.0011 - CONCESSÃO DE BENEFÍCIOS ASSISTENCIAIS-CONCESSÃO DE BENEFÍCIOS ASSISTENCIAIS AOS MAIS CARENTES-DISTRITO FEDERAL";"FUNDO DE ASSISTÊNCIA SOCIAL DO DISTRITO FEDERAL";0,00;381.875,00;0,00;0,00;381.875,00;381.875,00;381.875,00;381.875,00;
"FERNANDO FERNANDES";"12.122.6221.9068.0200 - TRANSFERENCIA POR MEIO DE DESCENTRALIZAÇÃO DE RECURSOS FINANCEIROS PARA ESCOLAS DO DF.";"SECRETARIA DE ESTADO DE EDUCAÇÃO DO DF";400.000,00;-20.000,00;0,00;0,00;380.000,00;380.000,00;380.000,00;380.000,00;
"FERNANDO FERNANDES";"27.812.6206.9080.0034 - APOIO ÀS OLIMPÍADAS DE CEILÂNDIA";"SECRETARIA DE ESTADO DE ESPORTE E LAZER DO DF";380.000,00;0,00;0,00;0,00;380.000,00;380.000,00;380.000,00;380.000,00;
"CLÁUDIO ABRANTES";"13.392.6219.9075.0140 - TRANSFERÊNCIA DE RECURSOS PARA PROJETOS CULTURAIS - APOIO A EVENTOS NO DISTRITO FEDERAL";"SECRETARIA DE EST. DE TURISMO DO DISTRITO FEDERAL";0,00;0,00;400.000,00;0,00;400.000,00;377.653,31;377.653,31;377.653,31;
"IOLANDO ALMEIDA";"06.181.6217.4031.0013 - AQUISIÇÃO DE EQUIPAMENTO PARA  IA MONITORAMENTO POR CÂMERA DE VIDEO";"SECRETARIA DE EST. DE  SEGURANÇA PÚBLICA DO DF";600.000,00;-200.000,00;0,00;0,00;400.000,00;376.000,00;0,00;0,00;
"CHICO VIGILANTE";"10.122.6202.4166.0009 - PLANEJAMENTO E GESTÃO DA ATENÇÃO ESPECIALIZADA-PROGRAMA DE DESCENTRALIZAÇÃO PROGRESSIVA DE AÇÕES EM SAÚDE- GAMA";"SECRETARIA DE ESTADO DE SAÚDE DO DISTRITO FEDERAL";0,00;0,00;350.000,00;0,00;350.000,00;350.000,00;350.000,00;350.000,00;
"FERNANDO FERNANDES";"20.306.6201.4115.0004 - APOIO AO PROGRAMA PAPA DF.";"SECRETARIA DE AGRIC. ABASTECIMENTO E DESENV RURAL";350.000,00;0,00;0,00;0,00;350.000,00;349.999,28;349.999,28;349.999,28;
"JORGE VIANNA";"13.392.6219.9075.0121 - REALIZAÇÃO DE EVENTOS CULTURAIS NO DISTRITO FEDERAL - 2020";"SECRETARIA DE EST. DE CULTURA E ECON. CRIAT. DO DF";1.000.000,00;-502.790,00;0,00;-150.000,00;347.210,00;347.209,31;347.209,31;347.209,31;
"RODRIGO DELMASSO";"06.181.6217.4031.0025 - MONITORAMENTO POR CÂMERA DE VÍDEO-IMPLANTAÇÃO DO PROJETO DE VIDEOMONITORAMENTO NO SIA- SIA";"SECRETARIA DE EST. DE  SEGURANÇA PÚBLICA DO DF";0,00;0,00;365.000,00;0,00;365.000,00;342.648,18;342.648,18;342.648,18;
"LEANDRO GRASS";"10.302.6202.4009.0011 - AQUISIÇÃO DE INSUMOS E MATERIAL MÉDICO HOSPITALAR-AQUISIÇÃO DE INSUMOS E MATERIAL MÉDICO HOSPITALAR-SES-DISTRITO FEDERAL-DISTRITO FEDERAL";"SECRETARIA DE ESTADO DE SAÚDE DO DISTRITO FEDERAL";0,00;0,00;381.000,00;0,00;381.000,00;339.240,00;339.240,00;339.240,00;
"LEANDRO GRASS";"14.422.6211.9107.0062 - TRANSFERÊNCIA FINANCEIRA A ENTIDADES- - APOIO A PROJETOS -DISTRITO FEDERAL";"SECRETARIA DE EST. DE JUSTIÇA E CIDADANIA DO DF";0,00;454.999,90;0,00;0,00;454.999,90;335.912,05;335.912,05;335.912,05;
"RAFAEL PRUDENTE";"18.122.6210.3467.9622 - AQUISIÇÃO DE EQUIPAMENTOS PARA A FUNDAÇÃO JARDIM ZOOLÓGICO DE BRASÍLIA";"FUNDAÇÃO JARDIM ZOOLÓGICO DE BRASÍLIA";350.000,00;0,00;0,00;0,00;350.000,00;330.300,00;330.300,00;330.300,00;
"REGINALDO SARDINHA";"25.752.6209.8507.0024 - MANUTENÇÃO DO SISTEMA DE ILUMINAÇÃO PÚBLICA-MANUTENÇÃO DE PONTOS DE ILUMINAÇÃO NA RA DO SUDOESTE/OCTOGONAL (EM 2020)- SUDOESTE/OCTOGONAL";"ADMINISTRAÇÃO REGIONAL DO SUDOESTE/OCTOGONAL";0,00;350.000,00;0,00;-0,49;349.999,51;322.815,20;322.815,20;322.815,20;
"MARTINS MACHADO";"15.451.6209.1110.8172 - EXECUÇÃO DE OBRAS E INFRAESTRUTURA NAS REGIÕES ADMINISTRATIVAS DO DISTRITO FEDERAL";"DEPTO DE ESTRADAS E RODAGEM DO DF - DER/DF";0,00;0,00;383.338,00;0,00;383.338,00;322.182,65;322.182,65;322.182,65;
"REGINALDO SARDINHA";"25.752.6209.8507.6490 - MANUTENÇÃO DO SISTEMA DE ILUMINAÇÃO PÚBLICA-MANUTENÇÃO DE PONTOS DE ILUMINAÇÃO PÚBLICA NO DISTRITO FEDERAL (EM 2020)-DISTRITO FEDERAL";"SECRETARIA DE ESTADO DE OBRAS E INFRAEST. DO DF";400.000,00;-80.000,00;0,00;0,00;320.000,00;319.898,05;316.723,45;306.588,30;
"JOSÉ GOMES";"06.181.6217.4031.0020 - MONITORAMENTO POR CÂMERA DE VÍDEO - VIDEOMONITORAMENTO - SSP - DF";"SECRETARIA DE EST. DE  SEGURANÇA PÚBLICA DO DF";350.000,00;-38.923,34;0,00;0,00;311.076,66;302.186,11;302.186,11;302.186,11;
"RAFAEL PRUDENTE";"10.122.6202.4166.0004 - PROGRAMA DE DESCENTRALIZAÇÃO PROGRESSIVA - PDPA NAS REG. ADM. DO DF";"SECRETARIA DE ESTADO DE SAÚDE DO DISTRITO FEDERAL";0,00;0,00;300.000,00;0,00;300.000,00;300.000,00;300.000,00;300.000,00;
"MARTINS MACHADO";"10.122.6202.4166.0026 - PROGRAMA DE DESCENTRALIZAÇÃO PROGRESSIVA DAS AÇÕES DE SAÚDE - PDPAS";"SECRETARIA DE ESTADO DE SAÚDE DO DISTRITO FEDERAL";0,00;0,00;300.000,00;0,00;300.000,00;300.000,00;300.000,00;300.000,00;
"CHICO VIGILANTE";"10.122.6202.4166.0012 - PLANEJAMENTO E GESTÃO DA ATENÇÃO ESPECIALIZADA-PROGRAMA DE DESCENTRALIZAÇÃO PROGRESSIVA DE AÇÕES DE SAÚDE - PDPAS NA REGIÃO ADMINISTRATIVA DE PLANALTINA -DISTRITO FEDERAL";"SECRETARIA DE ESTADO DE SAÚDE DO DISTRITO FEDERAL";0,00;0,00;300.000,00;0,00;300.000,00;300.000,00;300.000,00;300.000,00;
"MARTINS MACHADO";"08.244.6228.4159.0005 - AÇÕES COMPLEMENTARES DE PROTEÇÃO SOCIAL ESPECIAL-LANCHES E REFEIÇÕES PARA POPULAÇÃO EM SITUAÇÃO DE  RUA-DISTRITO FEDERAL";"FUNDO DE ASSISTÊNCIA SOCIAL DO DISTRITO FEDERAL";0,00;300.000,00;0,00;0,00;300.000,00;300.000,00;78.770,36;78.770,36;
"JAQUELINE SILVA";"15.122.8205.3903.9826 - REFORMA DE PRÉDIOS E  PRÓPRIOS NA REGIÃO ADMINISTRATIVA DE SANTA MARIA -RA XIII";"ADMINISTRAÇÃO REGIONAL DE SANTA MARIA";300.000,00;0,00;0,00;0,00;300.000,00;300.000,00;300.000,00;297.886,31;
"CHICO VIGILANTE";"13.392.6219.9075.0133 - APOIO AO PROJETO CULTURAL ITINERÂNCIA FORROZEIRA";"SECRETARIA DE EST. DE CULTURA E ECON. CRIAT. DO DF";300.000,00;0,00;0,00;0,00;300.000,00;300.000,00;300.000,00;300.000,00;
"JOÃO CARDOSO";"15.451.6209.1110.8155 - EXECUÇÃO DE OBRAS DE INFRAESTRUTURA E REPAROS NA GRANJA DO TORTO";"COMPANHIA URB. DA NOVA CAPITAL DO BRASIL-NOVACAP";300.000,00;0,00;0,00;0,00;300.000,00;300.000,00;299.588,15;299.588,15;
"MARTINS MACHADO";"26.451.6216.3087.3893 - EXECUÇÃO DE OBRAS DE ACESSIBILIDADE-ADEQUAÇÃO DE ACESSIBILIDADE EM ESTAÇÕES DO METRÔ-DISTRITO FEDERAL";"COMPANHIA DO METROPOLITANO DO DF - METRÔ-DF";300.000,00;0,00;0,00;0,00;300.000,00;299.999,00;260.306,16;260.306,16;
"RODRIGO DELMASSO";"23.695.6207.9085.0025 - APOIO A PROJETOS DE DESENVOLVIMENTO DO TURISMO NO DF (EM 2021)";"SECRETARIA DE EST. DE TURISMO DO DISTRITO FEDERAL";0,00;300.000,00;0,00;0,00;300.000,00;299.971,20;299.971,20;299.971,20;
"EDUARDO PEDROSA";"11.333.6207.9107.0049 - TRANSFERÊNCIA FINANCEIRA A ENTIDADES-APOIO A PROJETOS DE CAPACITAÇÃO DOS TRABALHADORES PARA EMPREENDEDORISMO E GERAÇÃO DE EMPREGO E RENDA -DISTRITO FEDERAL";"SECRETARIA DE EST. DE CULTURA E ECON. CRIAT. DO DF";0,00;0,00;300.000,00;0,00;300.000,00;299.760,00;299.760,00;299.760,00;
"RODRIGO DELMASSO";"14.243.6211.9078.0037 - TRANSFERÊNCIA ÀS INSTITUIÇÕES DE ASSISTÊNCIA ÀS CRIANÇAS E AOS ADOLESCENTES-PROJETO JOVEM PROTAGONISTA-DISTRITO FEDERAL";"CASA CIVIL DO DISTRITO FEDERAL";0,00;0,00;300.000,00;0,00;300.000,00;299.505,00;299.505,00;221.905,00;
"JORGE VIANNA";"10.126.8202.1471.5905 - MANUTENÇÃO DE SERVIÇOS ADMINISTRATIVOS GERAIS - FHB - AQUISIÇÃO DE EQUIPAMENTOS DE INFORMÁTICA";"FUNDAÇÃO HEMOCENTRO DE BRASÍLIA - FHB";300.000,00;0,00;0,00;0,00;300.000,00;299.026,00;299.026,00;299.026,00;
"HERMETO";"15.752.6209.8507.0028 - MANUTENÇÃO DO SISTEMA DE ILUMINAÇÃO PÚBLICA-NO DISTRITO FEDERAL-DISTRITO FEDERAL";"SECRETARIA DE ESTADO DE OBRAS E INFRAEST. DO DF";0,00;300.000,00;0,00;0,00;300.000,00;298.595,10;44.158,52;42.745,45;
"DANIEL DONIZET";"10.303.6202.4216.0025 - AQUISIÇÃO DE MEDICAMENTOS- COVID 19 - SES-DISTRITO FEDERAL";"SECRETARIA DE ESTADO DE SAÚDE DO DISTRITO FEDERAL";0,00;0,00;300.000,00;0,00;300.000,00;294.563,70;294.563,70;294.563,70;
"LEANDRO GRASS";"18.541.6210.3216.0004 - IMPLANTAÇÃO DO ZONEAMENTO ECOLÓGICO ECONÔMICO-ZEE NO DISTRITO FEDERAL";"SECRETARIA DE ESTADO DO MEIO AMBIENTE";0,00;300.000,00;0,00;0,00;300.000,00;294.000,00;294.000,00;290.472,00;
"AGACIEL MAIA";"27.812.6206.9080.0035 - APOIO A EVENTOS ESPORTIVOS EM TODO DF - H";"SECRETARIA DE ESTADO DE ESPORTE E LAZER DO DF";1.000.000,00;0,00;0,00;0,00;1.000.000,00;292.215,76;292.215,76;292.215,76;
"EDUARDO PEDROSA";"25.752.6209.1836.7016 - AMPLIAÇÃO DOS PONTOS DE ILUMINAÇÃO PÚBLICA-AMPLIAÇÃO DOS PONTOS DE ILUMINAÇÃO PÚBLICA EM PROL DE TODA COMUNIDADE DO DF-DISTRITO FEDERAL";"SECRETARIA DE ESTADO DE OBRAS E INFRAEST. DO DF";1.500.000,00;-1.198.587,00;0,00;0,00;301.413,00;290.845,96;224.430,58;217.332,75;
"LEANDRO GRASS";"18.542.6210.9088.0005 - MANUTENÇÃO E AMPLIAÇÃO DOS SERVIÇOS MÉDICOS VETERINÁRIOS DO HOSPITAL VETERINÁRIO PÚBLICO - HVEP";"INSTITUTO DE MEIO AMBIENTE E REC. HÍDRICOS DO DF";289.000,00;0,00;0,00;0,00;289.000,00;289.000,00;289.000,00;289.000,00;
"JOÃO CARDOSO";"06.181.6217.4031.0023 - INSTALAÇÃO DO PROJETO DE VIDEOMONITORAMENTO EM SOBRADINHO, SOBRADINHO II, FERCAL E SAÍDA NORTE";"SECRETARIA DE EST. DE  SEGURANÇA PÚBLICA DO DF";300.000,00;0,00;0,00;0,00;300.000,00;286.500,00;0,00;0,00;
"IOLANDO ALMEIDA";"15.451.6209.1110.0312 - EXECUÇÃO DE OBRAS DE URBANIZAÇÃO-OBRAS DE URBANIZAÇÃO DIVERSAS - PLANALTINA";"ADMINISTRAÇÃO REGIONAL DE PLANALTINA";0,00;350.000,00;0,00;0,00;350.000,00;282.363,14;282.363,14;279.694,13;
"RODRIGO DELMASSO";"27.812.6206.9080.0046 - REALIZAÇÃO DA CORRIDA PURPLERUN";"SECRETARIA DE ESTADO DE ESPORTE E LAZER DO DF";300.000,00;0,00;0,00;0,00;300.000,00;282.029,20;282.029,20;282.029,20;
"PROF. REGINALDO VERAS";"10.302.6202.3736.0003 - IMPLANTAÇÃO DE BASE DO SAMU";"COMPANHIA URB. DA NOVA CAPITAL DO BRASIL-NOVACAP";0,00;0,00;281.585,93;0,00;281.585,93;281.585,93;281.585,93;280.983,59;
"HERMETO";"15.752.6209.1836.7011 - AMPLIAÇÃO DOS PONTOS DE ILUMINAÇÃO PÚBLICA DO RIACHO FUNDO I";"SECRETARIA DE ESTADO DE OBRAS E INFRAEST. DO DF";0,00;0,00;279.973,34;0,00;279.973,34;279.973,34;11.660,80;11.660,80;
"JORGE VIANNA";"20.606.6201.3467.0080 - AQUISIÇÃO DE EQUIPAMENTOS-(EM 2021)-DISTRITO FEDERAL";"SECRETARIA DE AGRIC. ABASTECIMENTO E DESENV RURAL";0,00;300.000,00;0,00;0,00;300.000,00;272.930,00;272.930,00;272.930,00;
"RODRIGO DELMASSO";"14.243.6211.9078.0035 - TRANSFERÊNCIA ÀS INSTITUIÇÕES DE ASSISTÊNCIA ÀS CRIANÇAS E AOS ADOLESCENTES-PR0OJETO PROTAGONISTA-DISTRITO FEDERAL";"CASA CIVIL DO DISTRITO FEDERAL";0,00;0,00;268.966,00;0,00;268.966,00;268.966,00;268.966,00;184.000,00;
"HERMETO";"15.451.6209.1836.7007 - AMPLICAÇÃO DOS PONTOS DE ILUMINAÇÃO PÚBLICA NA REGIÃO DO NÚCLEO BANDEIRANTE";"ADMINISTRAÇÃO REGIONAL DO  NÚCLEO BANDEIRANTE";800.000,00;-450.000,00;0,00;0,00;350.000,00;261.344,06;261.344,06;261.344,06;
"RAFAEL PRUDENTE";"15.451.6206.3902.0065 - REFORMA DE PRAÇAS PÚBLICAS E PARQUES- - REFORMA DA PRAÇA PRINCIPAL DO PARANOÁ - PARANOÁ";"ADMINISTRAÇÃO REGIONAL DO PARANOÁ";0,00;0,00;500.000,00;0,00;500.000,00;260.419,61;19.086,95;19.086,95;
"CLÁUDIO ABRANTES";"27.812.6206.9080.0057 - REALIZAÇÃO DE EVENTOS PARA A PROMOÇÃO DE LAZER E ESPORTE EM TODO O DISTRITO FEDERAL";"SECRETARIA DE ESTADO DE ESPORTE E LAZER DO DF";850.000,00;-590.781,00;0,00;0,00;259.219,00;259.218,64;259.218,64;259.218,64;
"ROBÉRIO NEGREIROS";"15.451.6209.1110.8124 - EXECUÇÃO DE OBRAS DE URBANIZAÇÃO NA RA VI EM 2020";"ADMINISTRAÇÃO REGIONAL DE PLANALTINA";500.000,00;-170.000,00;0,00;0,00;330.000,00;253.493,43;253.493,43;253.493,43;
"REGINALDO SARDINHA";"25.752.6209.1836.0094 - AMPLIAÇÃO DOS PONTOS DE ILUMINAÇÃO PÚBLICA-- SUDOESTE/OCTOGONAL";"ADMINISTRAÇÃO REGIONAL DO SUDOESTE/OCTOGONAL";0,00;263.795,00;0,00;0,00;263.795,00;252.625,41;195.414,76;195.414,76;
"FÁBIO FÉLIX";"16.482.6208.3571.0008 - REFORMA DE CASAS POPULARES";"COMPANHIA DE DESENV. DA HABITAÇÃO  DO DF - CODHAB";500.000,00;-248.687,00;0,00;0,00;251.313,00;251.312,66;251.291,55;251.291,55;
"CLÁUDIO ABRANTES";"27.812.6206.9080.0056 - APOIO A PROJETO UNA - UNIDADE NACIONAL DE ACESSIBILIDADE";"SECRETARIA DE ESTADO DE ESPORTE E LAZER DO DF";550.000,00;-300.000,00;0,00;0,00;250.000,00;250.000,00;250.000,00;250.000,00;
"LEANDRO GRASS";"12.122.6221.9068.0226 - TRANSFERÊNCIA POR MEIO DE DESCENTRALIZAÇÃO DE RECURSOS FINANCEIROS PARA AS ESCOLAS-PROGRAMA DE DESCENTRALIZAÇÃO DE RECURSOS FINANCEIROS PARA AS ESCOLAS PÚBLICAS -  PDAF PARA COORDENAÇÃO REGIONAL DE ENSINO DE SANTA MARIA- SANTA MARIA";"SECRETARIA DE ESTADO DE EDUCAÇÃO DO DF";0,00;250.000,00;0,00;0,00;250.000,00;250.000,00;250.000,00;250.000,00;
"EDUARDO PEDROSA";"10.302.6202.3467.0051 - AQUISIÇÃO DE EQUIPAMENTOS-PARA A ÁREA DE SAÚDE - COMBATE AO CORONAVÍRUS-DISTRITO FEDERAL";"SECRETARIA DE ESTADO DE SAÚDE DO DISTRITO FEDERAL";0,00;0,00;250.000,00;0,00;250.000,00;250.000,00;0,00;0,00;
"HERMETO";"12.122.6221.9068.0191 - DESCENTRALIZAÇÃO DE RECURSOS FINANCEIROS PARA ESCOLAS DO DISTRITO FEDERAL ? PDAF";"SECRETARIA DE ESTADO DE EDUCAÇÃO DO DF";0,00;250.000,00;0,00;0,00;250.000,00;250.000,00;250.000,00;250.000,00;
"JÚLIA LUCY";"10.301.8217.4057.0006 - ASSISTÊNCIA MÉDICA-ASSISTÊNCIA MÉDICA E ODONTOLÓGICA AOS POLICIAIS MILITARES E SEUS DEPENDENTES LEGAIS DA PMDF-DISTRITO FEDERAL-DISTRITO FEDERAL";"FUNDO DE SAÚDE DA POLÍCIA MILITAR";0,00;250.000,00;0,00;0,00;250.000,00;250.000,00;250.000,00;250.000,00;
"LEANDRO GRASS";"12.122.6221.9068.0227 - TRANSFERÊNCIA POR MEIO DE DESCENTRALIZAÇÃO DE RECURSOS FINANCEIROS PARA AS ESCOLAS-PROGRAMA DE DESCENTRALIZAÇÃO DE RECURSOS FINANCEIROS PARA AS ESCOLAS PÚBLICAS -  PDAF PARA COORDENAÇÃO REGIONAL DE ENSINO DE SANTA MARIA- SANTA MARIA";"SECRETARIA DE ESTADO DE EDUCAÇÃO DO DF";0,00;250.000,00;0,00;0,00;250.000,00;250.000,00;250.000,00;250.000,00;
"JAQUELINE SILVA";"15.752.6209.8507.6487 - MANUTENÇÃO DO SISTEMA DE ILUMINAÇÃO PÚBLICA-MANUTENÇÃO DO SISTEMA DE ILUMINAÇÃO PÚBLICA NAS REGIÕES ADMINISTRATIVAS DO DISTRITO FEDEAL-DF-DISTRITO FEDERAL";"SECRETARIA DE ESTADO DE OBRAS E INFRAEST. DO DF";1.720.000,00;-1.470.000,00;0,00;0,00;250.000,00;248.508,17;248.432,86;240.483,02;
"LEANDRO GRASS";"18.541.6210.9121.0003 - TRANSFERÊNCIA DE RECURSOS PARA PROJETOS AMBIENTAIS-APOIO A PROJETOS AMBIENTAIS NO DISTRITO FEDERAL-DISTRITO FEDERAL";"SECRETARIA DE ESTADO DO MEIO AMBIENTE";0,00;250.000,00;0,00;0,00;250.000,00;248.052,12;248.052,12;248.052,12;
"HERMETO";"15.451.6209.1110.8146 - APOIO À EXECUÇÃO DE OBRAS DE URBANIZAÇÃO";"ADMINISTRAÇÃO REGIONAL DA CANDANGOLÂNDIA";1.200.000,00;-950.000,00;0,00;0,00;250.000,00;244.423,37;187.075,54;187.075,54;
"MARTINS MACHADO";"15.752.6209.1836.7021 - AMPLIAÇÃO DOS PONTOS DE ILUMINAÇÃO PÚBLICA-AMPLIAÇÃO DE REDE DE ILUMINAÇÃO NO DISTRITO FEDERAL-DISTRITO FEDERAL";"SECRETARIA DE ESTADO DE OBRAS E INFRAEST. DO DF";800.000,00;-540.000,00;0,00;0,00;260.000,00;232.006,12;8.162,56;7.924,67;
"JAQUELINE SILVA";"15.122.8205.3903.0080 - REFORMA DE PRÉDIOS E PRÓPRIOS-RA XIII- SANTA MARIA";"ADMINISTRAÇÃO REGIONAL DE SANTA MARIA";0,00;250.000,00;0,00;0,00;250.000,00;230.796,61;222.102,64;218.425,35;
"LEANDRO GRASS";"12.122.6221.9068.0231 - TRANSFERÊNCIA POR MEIO DE DESCENTRALIZAÇÃO DE RECURSOS FINANCEIROS PARA AS ESCOLAS-PROGRAMA DE DESCENTRALIZAÇÃO DE RECURSOS FINANCEIROS PARA AS ESCOLAS PÚBLICAS PDAF PARA COORDENAÇÃO REGIONAL DE ENSINO DE SÃO SEBASTIÃO- SÃO SEBASTIÃO";"SECRETARIA DE ESTADO DE EDUCAÇÃO DO DF";0,00;230.000,00;0,00;0,00;230.000,00;230.000,00;230.000,00;230.000,00;
"JAQUELINE SILVA";"27.812.6206.9080.0072 - APOIO A EVENTOS ESPORTIVOS - JOGOS ESCOLARES";"SECRETARIA DE ESTADO DE ESPORTE E LAZER DO DF";0,00;300.000,00;0,00;0,00;300.000,00;229.787,90;229.787,90;229.787,90;
"IOLANDO ALMEIDA";"15.451.6209.1110.8169 - EXECUÇÃO DE OBRAS PARA MOBILIDADE DA PESSOA COM DEFICIÊNCIA";"COMPANHIA URB. DA NOVA CAPITAL DO BRASIL-NOVACAP";1.924.636,00;-1.695.134,00;0,00;-2,00;229.500,00;229.233,59;229.233,59;229.233,59;
"FERNANDO FERNANDES";"13.392.6219.9075.0137 - TRANSFERÊNCIA DE RECURSOS PARA PROJETOS CULTURAIS NO DF.";"SECRETARIA DE EST. DE CULTURA E ECON. CRIAT. DO DF";2.160.636,00;-1.943.667,00;0,00;0,00;216.969,00;216.738,01;216.738,01;216.738,01;
"EDUARDO PEDROSA";"12.122.6221.9068.0184 - DESCENTRALIZÇÃO DE RECURSOS FINANCEIROS EM PROL DAS REGIONAIS DE ENSINO DO DF";"SECRETARIA DE ESTADO DE EDUCAÇÃO DO DF";1.500.000,00;-1.283.501,00;0,00;-1,00;216.498,00;216.498,00;216.498,00;216.498,00;
"ROBÉRIO NEGREIROS";"18.122.6210.3467.9623 - IMPLANTAÇÃO DE PARQUE INFANTIL EM 2020";"FUNDAÇÃO JARDIM ZOOLÓGICO DE BRASÍLIA";300.000,00;0,00;0,00;0,00;300.000,00;209.980,00;209.980,00;209.980,00;
"DANIEL DONIZET";"06.181.6217.4031.0016 - MONITORAMENTO POR CÂMERA DE VÍDEO NA REGIÃO ADMINISTRATIVA DE SÃO SEBASTIÃO";"SECRETARIA DE EST. DE  SEGURANÇA PÚBLICA DO DF";305.000,00;-3.439,12;0,00;-2,00;301.558,88;200.015,09;200.015,09;200.015,09;
"PROF. REGINALDO VERAS";"10.302.8217.4057.0007 - ASSISTÊNCIA MÉDICA-ASSISTÊNCIA MÉDICA DOS BOMBEIROS MILITARES-DISTRITO FEDERAL";"FUNDO DE SAÚDE DO CORPO DE BOMBEIROS";0,00;200.000,00;0,00;0,00;200.000,00;200.000,00;200.000,00;200.000,00;
"RAFAEL PRUDENTE";"23.695.6207.9085.0016 - TRANSFERÊNCIA DE RECURSOS PARA PROJETOS TURÍSTICOS NAS REG. ADM. DO DF";"SECRETARIA DE EST. DE TURISMO DO DISTRITO FEDERAL";200.000,00;0,00;0,00;0,00;200.000,00;200.000,00;200.000,00;200.000,00;
"IOLANDO ALMEIDA";"12.122.6221.9068.0210 - TRANSFERÊNCIA POR MEIO DE DESCENTRALIZAÇÃO DE RECURSOS FINANCEIROS PARA AS ESCOLAS-PDAF-DISTRITO FEDERAL";"SECRETARIA DE ESTADO DE EDUCAÇÃO DO DF";0,00;200.000,00;0,00;0,00;200.000,00;200.000,00;200.000,00;200.000,00;
"LEANDRO GRASS";"12.122.6221.9068.0023 - DESCENTRALIZAÇÃO DE RECURSOS CEF 01 DA CANDANGOLÂNDIA";"SECRETARIA DE ESTADO DE EDUCAÇÃO DO DF";0,00;200.000,00;0,00;0,00;200.000,00;200.000,00;200.000,00;200.000,00;
"HERMETO";"10.122.6202.4166.0002 - PLANEJAMENTO E GESTÃO DA ATENÇÃO ESPECIALIZADA-PROGRAMA DE DESCENTRALIZAÇÃO PROGRESSIVA - PDPAS-SES-DISTRITO FEDERAL";"SECRETARIA DE ESTADO DE SAÚDE DO DISTRITO FEDERAL";0,00;0,00;200.000,00;0,00;200.000,00;200.000,00;200.000,00;200.000,00;
"ROBÉRIO NEGREIROS";"13.122.8203.2396.0087 - CONSERVAÇÃO DAS ESTRUTURAS FÍSICAS DE EDIFICAÇÕES PÚBLICAS-2020-DISTRITO FEDERAL";"ARQUIVO PÚBLICO DO DISTRITO FEDERAL";0,00;200.000,00;0,00;0,00;200.000,00;200.000,00;198.079,36;198.079,36;
"MARTINS MACHADO";"23.695.6207.9085.0017 - APOIO A EVENTOS NO DISTRITO FEDERAL";"SECRETARIA DE EST. DE TURISMO DO DISTRITO FEDERAL";700.000,00;-500.000,00;0,00;0,00;200.000,00;200.000,00;200.000,00;200.000,00;
"ROOSEVELT VILELA";"20.122.8201.2396.5400 - CONSERVAÇÃO DAS ESTRUTURAS FÍSICAS DO ESCRITÓRIO LOCAL DA EMATER/DF VARGEM BONITA";"EMPRESA DE ASSIST. TÉC. E EXT. RURAL DO DF-EMATER";200.000,00;0,00;0,00;0,00;200.000,00;199.999,91;199.999,91;199.999,91;
"CLÁUDIO ABRANTES";"10.122.6202.4044.0001 - ENFRETAMENTO DA EMERGÊNCIA COVID 19 - SES - DISTRITO FEDERAL";"SECRETARIA DE ESTADO DE SAÚDE DO DISTRITO FEDERAL";0,00;0,00;200.000,00;0,00;200.000,00;199.999,01;199.999,01;199.999,01;
"ROBÉRIO NEGREIROS";"15.752.6209.8507.6481 - MANUTENÇÃO DO SISTEMA DE ILUMINAÇÃO PÚBLICA-MODERNIZAÇÃO E EFICIENTIZAÇÃO DE ILUMINAÇÃO PÚBLICA EM 2021- FERCAL";"ADMINISTRAÇÃO REGIONAL DA FERCAL - RA XXXI";200.000,00;0,00;0,00;0,00;200.000,00;199.677,97;199.677,96;193.288,26;
"REGINALDO SARDINHA";"06.181.6217.3467.0066 - AQUISIÇÃO DE EQUIPAMENTOS-AQUISIÇÃO DE EQUIPAMENTOS DE PROTEÇÃO INDIVIDUAL EPI - POLÍCIA PENAL DF (EM 2020) -DISTRITO FEDERAL";"SECRETARIA DE EST. DE  SEGURANÇA PÚBLICA DO DF";0,00;200.000,00;0,00;0,00;200.000,00;199.471,36;199.471,36;199.471,36;
"DANIEL DONIZET";"10.303.6202.4216.0026 - AQUISIÇÃO DE MEDICAMENTOS-AQUISIÇÃO DE MEDICAMENTOS - COVID 19 - SES -DISTRITO FEDERAL";"SECRETARIA DE ESTADO DE SAÚDE DO DISTRITO FEDERAL";0,00;0,00;200.000,00;0,00;200.000,00;198.366,50;194.376,50;194.376,50;
"CLÁUDIO ABRANTES";"20.606.6201.4119.2902 - MANUTENÇÃO DA INFRAESTRUTURA DO SETOR AGROPECUÁRIO - TUBULAÇÃO DE CANAIS DE IRRIGAÇÃO DO NÚCLEO RURAL DE TABATINGA";"SECRETARIA DE AGRIC. ABASTECIMENTO E DESENV RURAL";0,00;0,00;427.000,00;0,00;427.000,00;197.957,72;197.957,72;197.957,72;
"RODRIGO DELMASSO";"27.811.6206.9080.0045 - PRAIA DO CERRADO 7ª EDIÇÃO";"SECRETARIA DE ESTADO DE ESPORTE E LAZER DO DF";150.000,00;50.000,00;0,00;0,00;200.000,00;195.379,95;195.379,95;195.379,95;
"JOÃO CARDOSO";"04.122.8205.8517.9831 - MANUTENÇÃO DE SERVIÇOS ADMINISTRATIVOS";"ADMINISTRAÇÃO REGIONAL DE SOBRADINHO";110.000,00;90.000,00;0,00;0,00;200.000,00;186.977,70;155.677,70;155.677,70;
"DANIEL DONIZET";"15.451.6209.1110.8142 - EXECUÇÃO DE OBRAS DE URBANIZAÇÃO EM SÃO SEBASTIÃO";"ADMINISTRAÇÃO REGIONAL DE SÃO SEBASTIÃO";300.000,00;0,00;0,00;0,00;300.000,00;185.771,91;185.771,91;181.684,93;
"JÚLIA LUCY";"27.812.6206.9080.0055 - TRANSFERÊNCIA DE RECURSOS PARA PROJETOS ESPORTIVOS";"SECRETARIA DE ESTADO DE ESPORTE E LAZER DO DF";200.000,00;0,00;0,00;0,00;200.000,00;182.043,53;182.043,53;182.043,53;
"FERNANDO FERNANDES";"12.122.6221.9068.0200 - TRANSFERENCIA POR MEIO DE DESCENTRALIZAÇÃO DE RECURSOS FINANCEIROS PARA ESCOLAS DO DF.";"SECRETARIA DE ESTADO DE EDUCAÇÃO DO DF";2.000.000,00;-1.826.000,00;0,00;0,00;174.000,00;174.000,00;174.000,00;174.000,00;
"ARLETE AVELAR SAMPAIO";"18.122.6210.3870.0002 - CERCAMENTO DAS MARGENS DO CÓRREGO ENTRE O ZOOLÓGICO E CANDANGOLÂNDIA";"FUNDAÇÃO JARDIM ZOOLÓGICO DE BRASÍLIA";0,00;250.000,00;0,00;0,00;250.000,00;172.779,00;172.779,00;172.779,00;
"RAFAEL PRUDENTE";"15.451.6206.1079.0018 - CONSTRUÇÃO DE ESPAÇOS ESPORTIVOS NAS REG. ADM. DO DF";"ADMINISTRAÇÃO REGIONAL DE SÃO SEBASTIÃO";0,00;0,00;234.180,00;0,00;234.180,00;171.300,05;171.297,05;167.811,30;
"EDUARDO PEDROSA";"06.181.6217.4031.0019 - MONITORAMENTO POR CÂMERAS DE VÍDEO EM TODO O DF";"SECRETARIA DE EST. DE  SEGURANÇA PÚBLICA DO DF";100.000,00;71.048,55;0,00;0,00;171.048,55;170.153,11;170.153,11;170.153,11;
"DANIEL DONIZET";"18.542.6210.2536.0010 - SANIDADE E CONTROLE REPRODUTIVO DA FAUNA-CASTRAÇÃO GRATUITA DE CÃES E GATOS-DISTRITO FEDERAL";"INSTITUTO DE MEIO AMBIENTE E REC. HÍDRICOS DO DF";0,00;200.000,00;0,00;0,00;200.000,00;166.000,00;128.800,81;128.800,81;
"JÚLIA LUCY";"20.606.6201.2173.0025 - PRESTAÇÃO DE SERVIÇO DE ASSISTÊNCIA TÉCNICA E EXTENSÃO RURAL-APOIO À REALIZAÇÃO DE MÉTODOS COLETIVOS DE EXTENSÃO RURAL NO DISTRITO FEDERAL-DF ENTORNO";"EMPRESA DE ASSIST. TÉC. E EXT. RURAL DO DF-EMATER";0,00;223.232,44;0,00;0,00;223.232,44;163.104,44;95.578,63;95.578,63;
"LEANDRO GRASS";"20.606.6201.2173.0021 - IMPLANTAÇÃO DE HORTAS ESCOLARES NA REDE PÚBLICA DE ENSINO DO DISTRITO FEDERAL";"EMPRESA DE ASSIST. TÉC. E EXT. RURAL DO DF-EMATER";230.000,00;0,00;0,00;0,00;230.000,00;161.327,01;161.327,01;0,00;
"JAQUELINE SILVA";"04.421.6217.2426.0070 - FORTALECIMENTO DAS AÇÕES DE APOIO AO INTERNO E SUA FAMÍLIA-RA XIII- SANTA MARIA";"ADMINISTRAÇÃO REGIONAL DE SANTA MARIA";0,00;160.000,00;0,00;0,00;160.000,00;160.000,00;160.000,00;160.000,00;
"CLÁUDIO ABRANTES";"19.573.6207.9118.0018 - TRANSFERÊNCIA DE RECURSOS PARA DIFUSÃO CIENTÍFICA E TECNOLÓGICA-TRANSFERÊNCIA DE RECURSOS PARA DIFUSÃO CIENTÍFICA E TECNOLÓGICA-INOVAPOL - CONCURSO PÚBLICO-DISTRITO FEDERAL";"SECRETARIA DE ESTADO DE CIÊNCIA, TECNOLOGIA E INOV";0,00;160.000,00;0,00;0,00;160.000,00;159.999,43;148.800,00;148.800,00;
"ROOSEVELT VILELA";"20.122.8201.2396.0083 - CONSERVAÇÃO DAS ESTRUTURAS FÍSICAS DE EDIFICAÇÕES PÚBLICAS-CONSERVAÇÃO DAS ESTRUTURAS FÍSICAS DO ESCRITÓRIO LOCAL DA EMATER/DF NUCLEO RURAL DO RIO PRETO - PLANALTINA";"EMPRESA DE ASSIST. TÉC. E EXT. RURAL DO DF-EMATER";0,00;200.000,00;0,00;0,00;200.000,00;153.999,99;153.999,99;113.677,14;
"ARLETE AVELAR SAMPAIO";"14.422.6211.9107.0041 - APOIO AOS PROJETOS DE DIREITOS HUMANOS";"SECRETARIA DE EST. DE JUSTIÇA E CIDADANIA DO DF";0,00;150.000,00;0,00;0,00;150.000,00;150.000,00;150.000,00;150.000,00;
"JÚLIA LUCY";"10.302.6202.9107.0067 - TRANSFERÊNCIA FINANCEIRA A ENTIDADES-APOIO FINANCEIRO PARA COMBATE AO CÂNCER-DISTRITO FEDERAL";"SECRETARIA DE ESTADO DE SAÚDE DO DISTRITO FEDERAL";0,00;0,00;0,00;0,00;0,00;150.000,00;149.989,36;149.989,36;
"JAQUELINE SILVA";"12.122.6221.9068.0183 - DESCENTRALIZAÇÃO DE RECURSOS FINANCEIROS PARA ESCOLAS DA REGIONAL DE SANTA MARIA-PROGRAMA PDAF";"SECRETARIA DE ESTADO DE EDUCAÇÃO DO DF";150.000,00;0,00;0,00;0,00;150.000,00;150.000,00;150.000,00;150.000,00;
"HERMETO";"04.421.6217.2426.0034 - FORTALECIMENTO DAS AÇÕES DE APOIO AO INTERNO E SUA FAMÍLIA-ADMINISTRAÇÃO REGIONAL- CANDANGOLÂNDIA";"ADMINISTRAÇÃO REGIONAL DA CANDANGOLÂNDIA";0,00;150.000,00;0,00;0,00;150.000,00;150.000,00;150.000,00;150.000,00;
"LEANDRO GRASS";"13.392.6219.9075.0122 - APOIO A PROJETOS CULTURAIS NO DISTRITO FEDERAL";"SECRETARIA DE EST. DE TURISMO DO DISTRITO FEDERAL";0,00;0,00;150.000,00;0,00;150.000,00;150.000,00;150.000,00;150.000,00;
"IOLANDO ALMEIDA";"13.392.6219.9075.0176 - APOIO À REALIZAÇÃO DE ATIVIDADES CULTURAIS";"SECRETARIA DE EST. DE TURISMO DO DISTRITO FEDERAL";0,00;0,00;150.000,00;0,00;150.000,00;149.995,37;149.995,37;149.995,37;
"IOLANDO ALMEIDA";"13.392.6219.9075.0152 - TRANSFERÊNCIA DE RECURSOS PARA PROJETOS CULTURAIS-PROMOÇÃO DE ATIVIDADES CULTURAIS -DISTRITO FEDERAL";"SECRETARIA DE EST. DE CULTURA E ECON. CRIAT. DO DF";0,00;150.000,00;0,00;0,00;150.000,00;149.993,00;149.993,00;149.993,00;
"JAQUELINE SILVA";"13.392.6219.9075.0171 - TRANSFERÊNCIA DE RECURSOS PARA PROJETOS CULTURAIS-APOIO A PROJETOS CULTURAIS NAS REGIÕES ADMINISTRATIVAS-DISTRITO FEDERAL";"SECRETARIA DE EST. DE CULTURA E ECON. CRIAT. DO DF";0,00;298.709,00;0,00;-150.000,00;148.709,00;148.708,54;148.708,54;148.708,54;
"LEANDRO GRASS";"27.812.6206.9080.0037 - APOIO A PROJETOS DE ESPORTE E LAZER NO DISTRITO FEDERAL";"SECRETARIA DE ESTADO DE ESPORTE E LAZER DO DF";800.000,00;-455.700,00;0,00;0,00;344.300,00;148.026,16;148.026,16;148.026,16;
"RODRIGO DELMASSO";"27.811.6206.9080.0048 - PROJETO DE FOMENTO AO VOLEIBOL DO DF";"SECRETARIA DE ESTADO DE ESPORTE E LAZER DO DF";200.000,00;-45.000,00;0,00;0,00;155.000,00;147.954,02;147.954,02;147.954,02;
"IOLANDO ALMEIDA";"13.392.6219.9075.0177 - PROJETOS CULTURAIS EM TODO DF";"SECRETARIA DE EST. DE CULTURA E ECON. CRIAT. DO DF";0,00;146.541,00;0,00;0,00;146.541,00;146.540,39;146.540,39;146.540,39;
"HERMETO";"04.421.6217.2426.0074 - FORTALECIMENTO DAS AÇÕES DE APOIO AO INTERNO E SUA FAMÍLIA-FORTALECIMENTO DAS AÇÕES DE APOIO AO INTERNO E SUA FAMÍLIA-ADMINISTRAÇÃO REGIONAL- NÚCLEO BANDEIRANTE  -DISTRITO FEDERAL";"ADMINISTRAÇÃO REGIONAL DO  NÚCLEO BANDEIRANTE";0,00;150.000,00;0,00;0,00;150.000,00;144.071,49;144.071,49;144.071,49;
"DANIEL DONIZET";"15.451.6209.8507.6478 - ILUMINAÇÃO COM LED NAS AVENIDAS DO GAMA";"ADMINISTRAÇÃO REGIONAL DO GAMA";450.000,00;140.000,00;-450.000,00;0,00;140.000,00;139.865,67;139.865,67;135.389,97;
"HERMETO";"15.752.6209.1836.0089 - AMPLIAÇÃO DOS PONTOS DE ILUMINAÇÃO PÚBLICA-EFICIENTIZAÇÃO DE ILUMINAÇÃO PÚBLICA NO- NÚCLEO BANDEIRANTE";"ADMINISTRAÇÃO REGIONAL DO  NÚCLEO BANDEIRANTE";0,00;200.000,00;0,00;0,00;200.000,00;135.475,44;135.475,44;135.475,44;
"JÚLIA LUCY";"15.451.6206.3902.0064 - REFORMA DE PRAÇAS PÚBLICAS E PARQUES-REFORMA DE PARQUES INFANTIS NO RIACHO FUNDO I- RIACHO FUNDO";"ADMINISTRAÇÃO REGIONAL DO RIACHO FUNDO";0,00;150.000,00;0,00;0,00;150.000,00;133.781,10;133.781,10;133.781,10;
"ROBÉRIO NEGREIROS";"27.812.6219.9075.0146 - APOIO AS OLIMPÍADAS DE CEILÂNDIA 2020";"SECRETARIA DE ESTADO DE ESPORTE E LAZER DO DF";150.000,00;0,00;0,00;0,00;150.000,00;133.424,91;133.424,91;133.424,91;
"PROF. REGINALDO VERAS - JÚLIA LUCY";"14.126.8211.1471.5907 - APOIO PARA EQUIPAGEM DE SETORES DA SEJUS";"SECRETARIA DE EST. DE JUSTIÇA E CIDADANIA DO DF";200.000,00;100.000,00;0,00;-150.000,00;150.000,00;130.908,82;0,00;0,00;
"ARLETE AVELAR SAMPAIO";"13.392.6219.9075.0136 - TRANSFERÊNCIA DE RECURSOS PARA PROJETOS CULTURAIS EM TODO O DISTRITO FEDERAL";"SECRETARIA DE EST. DE TURISMO DO DISTRITO FEDERAL";0,00;0,00;570.000,00;0,00;570.000,00;119.213,23;119.213,23;119.213,23;
"FÁBIO FÉLIX";"08.244.6228.4187.0011 - CONCESSÃO DE BENEFÍCIOS ASSISTENCIAIS-CONCESSÃO DE BENEFÍCIOS ASSISTENCIAIS AOS MAIS CARENTES-DISTRITO FEDERAL";"FUNDO DE ASSISTÊNCIA SOCIAL DO DISTRITO FEDERAL";0,00;118.125,00;0,00;0,00;118.125,00;118.125,00;0,00;0,00;
"FÁBIO FÉLIX";"13.392.6219.9075.0138 - FORTALECIMENTO DAS INICIATIVAS CULTURAIS NO DF";"SECRETARIA DE EST. DE TURISMO DO DISTRITO FEDERAL";0,00;0,00;120.000,00;0,00;120.000,00;117.400,21;117.400,21;117.400,21;
"REGINALDO SARDINHA";"25.752.6209.1836.0093 - AMPLIAÇÃO DOS PONTOS DE ILUMINAÇÃO PÚBLICA-AMPLIAÇÃO DE PONTOS DE ILUMINAÇÃO PÚBLICA NO LAGO NORTE (EM 2020)- LAGO NORTE";"SECRETARIA DE ESTADO DE OBRAS E INFRAEST. DO DF";0,00;130.000,00;0,00;0,00;130.000,00;115.559,49;34.961,78;33.996,94;
"MARTINS MACHADO";"16.482.6208.1213.0907 - CONSTRUÇÃO DE UNIDADES HABITACIONAIS";"COMPANHIA DE DESENV. DA HABITAÇÃO  DO DF - CODHAB";1.000.000,00;-892.046,00;0,00;0,00;107.954,00;107.953,60;64.062,50;64.062,50;
"JOSÉ GOMES";"04.122.6203.2912.0003 - REALIZAÇÃO DE ESTUDOS E PESQUISAS SOCIOECONÔMICAS ? DF - ENTORNO";"COMPANHIA DE PLANEJ. DO DISTRITO FEDERAL-CODEPLAN";150.000,00;0,00;0,00;0,00;150.000,00;101.141,50;20.228,30;10.114,15;
"EDUARDO PEDROSA";"10.302.8217.4057.0009 - ASSISTÊNCIA MÉDICA-ASSISTÊNCIA MÉDICA E ODONTOLÓFICA AOS POLICIAIS MILITARES E SEUS DEPENDENTES JUNTO A CBMDF -DISTRITO FEDERAL";"FUNDO DE SAÚDE DO CORPO DE BOMBEIROS";0,00;100.000,00;0,00;0,00;100.000,00;100.000,00;100.000,00;100.000,00;
"JÚLIA LUCY";"23.695.6219.9075.0145 - TRANSFERÊNCIA DE RECURSOS PARA PROJETOS CULTURAIS - APOIO AO PROJETO BRASÍLIA CAPITAL DO IDOSO";"SECRETARIA DE EST. DE TURISMO DO DISTRITO FEDERAL";500.000,00;-400.000,00;0,00;0,00;100.000,00;100.000,00;100.000,00;100.000,00;
"JOÃO CARDOSO";"15.451.6209.1110.8122 - EXECUÇÃO DE OBRAS DE URBANIZAÇÃO";"COMPANHIA URB. DA NOVA CAPITAL DO BRASIL-NOVACAP";0,00;0,00;100.000,00;0,00;100.000,00;100.000,00;0,00;0,00;
"EDUARDO PEDROSA";"10.301.8217.4057.0008 - ASSISTÊNCIA MÉDICA-ASSISTÊNCIA MÉDICA E ODONTOLÓFICA AOS POLICIAIS MILITARES E SEUS DEPENDENTES JUNTO A PMDF -DISTRITO FEDERAL";"FUNDO DE SAÚDE DA POLÍCIA MILITAR";0,00;100.000,00;0,00;0,00;100.000,00;100.000,00;100.000,00;100.000,00;
"LEANDRO GRASS";"23.695.6207.9085.0023 - APOIO À REALIZAÇÃO DE EVENTOS DE PROMOÇÃO DO TURISMO EM TODO DISTRITO FEDERAL";"SECRETARIA DE EST. DE TURISMO DO DISTRITO FEDERAL";0,00;100.000,00;0,00;0,00;100.000,00;100.000,00;100.000,00;100.000,00;
"JÚLIA LUCY";"13.392.6219.9075.0139 - TRANSFERÊNCIA DE RECURSOS PARA PROJETOS CULTURAIS";"SECRETARIA DE EST. DE TURISMO DO DISTRITO FEDERAL";0,00;0,00;100.000,00;0,00;100.000,00;100.000,00;100.000,00;100.000,00;
"PROF. REGINALDO VERAS";"10.122.6202.4166.0020 - PLANEJAMENTO E GESTÃO DA ATENÇÃO ESPECIALIZADA-PROGRAMA DE DESCENTRALIZAÇÃO PROGRESSIVA DAS AÇÕES DE SAÚDE - PDPAS - HOSPITAL DE BRAZLÂNDIA-DISTRITO FEDERAL";"SECRETARIA DE ESTADO DE SAÚDE DO DISTRITO FEDERAL";0,00;0,00;100.000,00;0,00;100.000,00;100.000,00;100.000,00;100.000,00;
"JAQUELINE SILVA";"15.452.6209.3002.0028 - CONSTRUÇÃO DE PONTOS DE ENTREGA VOLUNTÁRIA - PEVS-RA XIII- SANTA MARIA";"SERVIÇO DE LIMPEZA URBANA DO DISTRITO FEDERAL- SLU";0,00;100.000,00;0,00;0,00;100.000,00;100.000,00;0,00;0,00;
"AGACIEL MAIA";"13.392.6219.9075.0173 - APOIO A EVENTOS CULTURAIS EM TODO O DF";"SECRETARIA DE EST. DE TURISMO DO DISTRITO FEDERAL";0,00;0,00;100.000,00;0,00;100.000,00;99.960,83;99.960,83;99.960,83;
"JORGE VIANNA";"14.243.6211.9078.0020 - ATIVIDADES DE EQUOTERAPIA PARA REABILITAÇÃO DA PESSOA COM NECESSIDADES ESPECIAIS";"SECRETARIA DE EST. DE JUSTIÇA E CIDADANIA DO DF";0,00;100.000,00;0,00;0,00;100.000,00;99.609,98;99.609,98;99.609,98;
"HERMETO";"04.122.8205.8517.0149 - MANUTENÇÃO DE SERVIÇOS ADMINISTRATIVOS GERAIS-ADMINISTRAÇÃO REGIONAL- NÚCLEO BANDEIRANTE";"ADMINISTRAÇÃO REGIONAL DO  NÚCLEO BANDEIRANTE";0,00;159.000,00;0,00;0,00;159.000,00;96.515,31;96.515,31;96.515,31;
"JOÃO CARDOSO";"15.451.6209.1836.0099 - AMPLIAÇÃO DOS PONTOS DE ILUMINAÇÃO PÚBLICA-NO DF-DISTRITO FEDERAL";"SECRETARIA DE ESTADO DE OBRAS E INFRAEST. DO DF";0,00;100.000,00;0,00;0,00;100.000,00;96.175,15;3.206,72;3.104,11;
"ARLETE AVELAR SAMPAIO";"20.606.6201.3724.0009 - OBRA HIDRÁULICA NA COMUNIDADE ESTRELA DA LUA ? PADF";"EMPRESA DE ASSIST. TÉC. E EXT. RURAL DO DF-EMATER";100.000,00;0,00;0,00;0,00;100.000,00;91.998,00;91.998,00;91.998,00;
"REGINALDO SARDINHA";"06.181.6217.4031.0024 - INSTALAÇÃO DE CÂMERAS DE MONITORAMENTO NAS REGIÕES ADMINISTRATIVAS DO SUDOESTE/OCTOGONAL E CRUZEIRO";"SECRETARIA DE EST. DE  SEGURANÇA PÚBLICA DO DF";0,00;91.236,47;0,00;0,00;91.236,47;91.223,60;91.223,60;91.223,60;
"LEANDRO GRASS";"12.122.6221.9068.0228 - TRANSFERÊNCIA POR MEIO DE DESCENTRALIZAÇÃO DE RECURSOS FINANCEIROS PARA AS ESCOLAS-TRANSFERÊNCIA POR MEIO DE DESCENTRALIZAÇÃO DE RECURSOS FINANCEIROS PARA AS ESCOLAS - CENTRO DE ENSINO FUNDAMENTAL 25 (QNP 09)- CEILÂNDIA";"SECRETARIA DE ESTADO DE EDUCAÇÃO DO DF";0,00;90.000,00;0,00;0,00;90.000,00;90.000,00;90.000,00;90.000,00;
"FERNANDO FERNANDES";"23.695.6207.9085.0020 - TRANSFERÊNCIA DE RECURSOS PARA PROJETOS TURÍSTICOS NO DF.";"SECRETARIA DE EST. DE TURISMO DO DISTRITO FEDERAL";1.200.000,00;-1.110.000,00;0,00;0,00;90.000,00;90.000,00;90.000,00;90.000,00;
"HERMETO";"04.122.8205.8517.0171 - MANUTENÇÃO DE SERVIÇOS ADMINISTRATIVOS GERAIS-ADMINISTRAÇÃO REGIONAL DO PARK WAY-DISTRITO FEDERAL";"ADMINISTRAÇÃO REGIONAL DO PARK WAY";0,00;100.000,00;0,00;0,00;100.000,00;86.656,10;86.656,10;86.656,10;
"LEANDRO GRASS";"12.122.6221.9068.0223 - TRANSFERÊNCIA POR MEIO DE DESCENTRALIZAÇÃO DE RECURSOS FINANCEIROS PARA AS ESCOLAS- ESCOLA CLASSE 09 DE BRAZLÂNDIA- BRAZLÂNDIA";"SECRETARIA DE ESTADO DE EDUCAÇÃO DO DF";0,00;85.000,00;0,00;0,00;85.000,00;85.000,00;85.000,00;85.000,00;
"IOLANDO ALMEIDA";"12.122.6221.9068.0211 - TRANSFERÊNCIA POR MEIO DE DESCENTRALIZAÇÃO DE RECURSOS FINANCEIROS PARA AS ESCOLAS-CEILANDIA- CEILÂNDIA";"SECRETARIA DE ESTADO DE EDUCAÇÃO DO DF";0,00;80.000,00;0,00;0,00;80.000,00;80.000,00;80.000,00;80.000,00;
"JAQUELINE SILVA";"12.122.6221.9068.0234 - DESCENTRALIZAÇÃO DE RECURSOS FINANCEIROS PARA ESCOLAS PÚBLICAS NO DF-PDAF 2021";"SECRETARIA DE ESTADO DE EDUCAÇÃO DO DF";0,00;80.000,00;0,00;0,00;80.000,00;80.000,00;80.000,00;80.000,00;
"DANIEL DONIZET";"04.421.6217.2426.8556 - FORTALECIMENTO DA AÇÃO DE APOIO AO INTERNO E SUA FAMÍLIA - GAMA";"ADMINISTRAÇÃO REGIONAL DO GAMA";100.000,00;-20.280,00;0,00;0,00;79.720,00;79.719,66;79.719,66;79.719,66;
"RODRIGO DELMASSO";"06.181.6217.4031.0026 - MONITORAMENTO POR CÂMERA DE VÍDEO-IMPLANTAÇÃO DO PROJTO DE VIDEOMONITORAMENTO NO GUARÁ- GUARÁ";"SECRETARIA DE EST. DE  SEGURANÇA PÚBLICA DO DF";0,00;0,00;0,00;0,00;0,00;74.939,52;74.939,52;74.939,52;
"HERMETO";"04.122.8205.8517.0172 - MANUTENÇÃO DE SERVIÇOS ADMINISTRATIVOS GERAIS- ADMINISTRAÇÃO REGIONAL DO PARK WAY-DISTRITO FEDERAL";"ADMINISTRAÇÃO REGIONAL DO PARK WAY";0,00;100.000,00;0,00;0,00;100.000,00;63.454,13;63.454,13;63.454,13;
"JÚLIA LUCY";"20.606.6201.2173.0025 - PRESTAÇÃO DE SERVIÇO DE ASSISTÊNCIA TÉCNICA E EXTENSÃO RURAL-APOIO À REALIZAÇÃO DE MÉTODOS COLETIVOS DE EXTENSÃO RURAL NO DISTRITO FEDERAL-DF ENTORNO";"EMPRESA DE ASSIST. TÉC. E EXT. RURAL DO DF-EMATER";320.000,00;-223.232,44;0,00;0,00;96.767,56;62.112,00;61.262,00;61.262,00;
"JAQUELINE SILVA";"15.451.6209.1110.0343 - EXECUÇÃO DE OBRAS DE URBANIZAÇÃO-EXECUÇÃO DE OBRAS DE URBANIZAÇÃO- SANTA MARIA";"ADMINISTRAÇÃO REGIONAL DE SANTA MARIA";0,00;60.000,00;0,00;0,00;60.000,00;56.587,40;56.587,40;56.587,40;
"FÁBIO FÉLIX";"14.243.6211.4217.0006 - MANUTENÇÃO DO SISTEMA SOCIOEDUCATIVO-MANUTENÇÃO DO SISTEMA SOCIOEDUCATIVO - AQUISIÇÃO DE EPI-DISTRITO FEDERAL";"SECRETARIA DE EST. DE JUSTIÇA E CIDADANIA DO DF";0,00;300.000,00;0,00;0,00;300.000,00;53.510,80;39.034,80;38.566,38;
"REGINALDO SARDINHA";"14.122.8211.8517.0159 - MANUTENÇÃO DE SERVIÇOS ADMINISTRATIVOS GERAIS-AQUISIÇÃO DE EQUIPAMENTOS DE PROTEÇÃO INDIVIDUAL EPI - AGENTES SOCIOEDUCATIVOS  DF(EM 2020)-DISTRITO FEDERAL";"SECRETARIA DE EST. DE JUSTIÇA E CIDADANIA DO DF";0,00;200.000,00;0,00;0,00;200.000,00;53.510,80;39.034,80;38.566,38;
"LEANDRO GRASS";"12.122.6221.9068.0233 - TRANSFERÊNCIA POR MEIO DE DESCENTRALIZAÇÃO DE RECURSOS FINANCEIROS PARA AS ESCOLAS-TRANSFERÊNCIA POR MEIO DE DESCENTRALIZAÇÃO DE RECURSOS FINANCEIROS PARA AS ESCOLAS - JARDIM DE INFÂNCIA VI - COMAR- LAGO SUL";"SECRETARIA DE ESTADO DE EDUCAÇÃO DO DF";0,00;50.000,00;0,00;0,00;50.000,00;50.000,00;50.000,00;50.000,00;
"RAFAEL PRUDENTE";"13.392.6219.9075.0123 - TRANSFERÊNCIA DE RECURSOS PARA PROJETOS CULTURAIS NAS REG. ADM. DO DF";"SECRETARIA DE EST. DE CULTURA E ECON. CRIAT. DO DF";104.636,00;0,00;0,00;-54.636,00;50.000,00;50.000,00;50.000,00;50.000,00;
"HERMETO";"04.122.8205.8517.0153 - MANUTENÇÃO DE SERVIÇOS ADMINISTRATIVOS GERAIS-ADMINISTRAÇÃO REGIONAL- CANDANGOLÂNDIA";"ADMINISTRAÇÃO REGIONAL DA CANDANGOLÂNDIA";0,00;50.000,00;0,00;0,00;50.000,00;50.000,00;49.915,62;49.915,62;
"RAFAEL PRUDENTE";"10.122.6202.4166.0014 - PLANEJAMENTO E GESTÃO DA ATENÇÃO ESPECIALIZADA-MANUTENÇÃO DO COMPLEXO REGULADOR DA SAÚDE - CRDF/SES (PDPA) -DISTRITO FEDERAL";"SECRETARIA DE ESTADO DE SAÚDE DO DISTRITO FEDERAL";0,00;0,00;0,00;0,00;0,00;50.000,00;50.000,00;50.000,00;
"LEANDRO GRASS";"12.122.6221.9068.0224 - TRANSFERÊNCIA POR MEIO DE DESCENTRALIZAÇÃO DE RECURSOS FINANCEIROS PARA AS ESCOLAS- ESCOLA CLASSE 410 DA SAMAMBAIA- SAMAMBAIA";"SECRETARIA DE ESTADO DE EDUCAÇÃO DO DF";0,00;50.000,00;0,00;0,00;50.000,00;50.000,00;50.000,00;50.000,00;
"JOÃO CARDOSO";"26.451.6216.1506.2497 - IMPLANTAÇÃO DE ABRIGOS PARA PASSAGEIROS DE TRANSPORTE PÚBLICO NO DF";"SECRETARIA DE EST.DE TRANSPORTE E MOBILIDADE DO DF";500.000,00;-450.000,00;0,00;0,00;50.000,00;50.000,00;43.335,44;43.335,44;
"ARLETE AVELAR SAMPAIO";"18.541.6210.4235.0004 - APOIO AO PROJETO PARQUE EDUCADOR";"INSTITUTO DE MEIO AMBIENTE E REC. HÍDRICOS DO DF";0,00;49.122,00;0,00;0,00;49.122,00;48.744,00;48.744,00;48.744,00;
"REGINALDO SARDINHA";"25.752.6209.8507.6480 - MANUTENÇÃO DE PONTOS DE ILUMINAÇÃO PÚBLICA NA RA DO SUDOESTE/OCTOGONAL (EM 2020)";"ADMINISTRAÇÃO REGIONAL DO SUDOESTE/OCTOGONAL";70.000,00;0,00;0,00;0,00;70.000,00;46.905,66;46.905,66;46.905,66;
"JOÃO CARDOSO";"04.122.8205.8517.0167 - MANUTENÇÃO DE SERVIÇOS ADMINISTRATIVOS GERAIS-MANUTENÇÃO DE SERVIÇOS ADMINISTRATIVOS GERAIS-  SOBRADINHO II";"ADMINISTRAÇÃO REGIONAL DE SOBRADINHO II";0,00;50.000,00;0,00;0,00;50.000,00;43.709,84;36.279,34;26.779,34;
"IOLANDO ALMEIDA";"14.422.6211.2782.0004 - PROGRAMA DE INCLUSÃO PRODUTIVA E SOCIAL- PESSOAS COM DEFICIENCIA";"CASA CIVIL DO DISTRITO FEDERAL";600.000,00;-550.000,00;0,00;0,00;50.000,00;42.000,00;42.000,00;42.000,00;
"ROBÉRIO NEGREIROS";"04.122.8203.8517.9830 - MANUTENÇÃO DE SERVIÇOS ADMINISTRATIVOS GERAIS EM 2020";"ARQUIVO PÚBLICO DO DISTRITO FEDERAL";450.000,00;-409.454,00;0,00;0,00;40.546,00;40.545,01;39.199,58;39.199,58;
"LEANDRO GRASS";"12.122.6221.9068.0220 - TRANSFERÊNCIA POR MEIO DE DESCENTRALIZAÇÃO DE RECURSOS FINANCEIROS PARA AS ESCOLAS- CENTRO DE ENSINO FUNDAMENTAL 01 DE PLANALTINA- PLANALTINA";"SECRETARIA DE ESTADO DE EDUCAÇÃO DO DF";0,00;40.000,00;0,00;0,00;40.000,00;40.000,00;40.000,00;40.000,00;
"LEANDRO GRASS";"12.122.6221.9068.0222 - TRANSFERÊNCIA POR MEIO DE DESCENTRALIZAÇÃO DE RECURSOS FINANCEIROS PARA AS ESCOLAS- ESCOLA CLASSE 20 DE CEILÂNDIA- CEILÂNDIA";"SECRETARIA DE ESTADO DE EDUCAÇÃO DO DF";0,00;40.000,00;0,00;0,00;40.000,00;40.000,00;40.000,00;40.000,00;
"JOSÉ GOMES";"06.181.6217.4031.0020 - MONITORAMENTO POR CÂMERA DE VÍDEO - VIDEOMONITORAMENTO - SSP - DF";"SECRETARIA DE EST. DE  SEGURANÇA PÚBLICA DO DF";0,00;38.923,34;0,00;0,00;38.923,34;38.871,38;38.871,38;38.871,38;
"HERMETO";"16.127.6208.1968.3226 - CONTRATAÇÃO DE ESTUDOS AMBIENTAIS PARA A VILA CAUHY";"COMPANHIA DE DESENV. DA HABITAÇÃO  DO DF - CODHAB";1.200.000,00;-954.000,00;0,00;0,00;246.000,00;36.900,00;36.900,00;36.900,00;
"HERMETO";"04.451.6209.8508.0014 - MANUTENÇÃO DE ÁREAS URBANIZADAS E AJARDINADAS-MANUTENÇÃO DE ÁREAS URBANIZADAS E AJARDINADAS EM CANDANGOLÂNDIA- CANDANGOLÂNDIA";"ADMINISTRAÇÃO REGIONAL DA CANDANGOLÂNDIA";100.000,00;-50.000,00;0,00;0,00;50.000,00;36.362,98;36.362,98;36.362,98;
"HERMETO";"04.122.8205.8517.0103 - MANUTENÇÃO DE SERVIÇOS ADMINISTRATIVOS GERAIS-ADMINISTRAÇÃO REGIONAL- NÚCLEO BANDEIRANTE";"ADMINISTRAÇÃO REGIONAL DO  NÚCLEO BANDEIRANTE";600.000,00;-500.000,00;0,00;0,00;100.000,00;34.098,80;34.098,80;34.098,80;
"ROOSEVELT VILELA";"06.181.8217.8517.0162 - MANUTENÇÃO DE SERVIÇOS ADMINISTRATIVOS GERAIS- - PMDF-DISTRITO FEDERAL";"POLÍCIA MILITAR DO DISTRITO FEDERAL - PMDF";0,00;31.312,01;0,00;0,00;31.312,01;31.312,00;31.312,00;31.312,00;
"HERMETO";"04.451.6209.8508.0053 - MANUTENÇÃO DE ÁREAS URBANIZADAS E AJARDINADAS-EM CANDANGOLÂNDIA- CANDANGOLÂNDIA";"ADMINISTRAÇÃO REGIONAL DA CANDANGOLÂNDIA";0,00;50.000,00;0,00;0,00;50.000,00;30.038,56;30.038,56;30.038,56;
"JOÃO CARDOSO";"20.122.8201.2396.0084 - CONSERVAÇÃO DAS ESTRUTURAS FÍSICAS DE EDIFICAÇÕES PÚBLICAS-ESCRITÓRIO LOCAL DA EMATER-DF- SOBRADINHO";"EMPRESA DE ASSIST. TÉC. E EXT. RURAL DO DF-EMATER";0,00;30.000,00;0,00;0,00;30.000,00;30.000,00;30.000,00;30.000,00;
"JAQUELINE SILVA";"15.452.6209.3002.0019 - CONSTRUÇÃO DE PONTOS DE ENTREGA VOLUNTÁRIA - PEV""S  NA REGIÃO ADMINISTRATIVA DE SANTA MARIA- RA XIII";"SERVIÇO DE LIMPEZA URBANA DO DISTRITO FEDERAL- SLU";30.000,00;0,00;0,00;0,00;30.000,00;30.000,00;0,00;0,00;
"LEANDRO GRASS";"12.122.6221.9068.0221 - TRANSFERÊNCIA POR MEIO DE DESCENTRALIZAÇÃO DE RECURSOS FINANCEIROS PARA AS ESCOLAS- ESCOLA CLASSE 111- SAMAMBAIA";"SECRETARIA DE ESTADO DE EDUCAÇÃO DO DF";0,00;30.000,00;0,00;0,00;30.000,00;30.000,00;30.000,00;30.000,00;
"LEANDRO GRASS";"12.122.6221.9068.0229 - TRANSFERÊNCIA POR MEIO DE DESCENTRALIZAÇÃO DE RECURSOS FINANCEIROS PARA AS ESCOLAS-TRANSFERÊNCIA POR MEIO DE DESCENTRALIZAÇÃO DE RECURSOS FINANCEIROS PARA AS ESCOLAS - JARDIM DE INFÂNCIA VI - COMAR- LAGO SUL";"SECRETARIA DE ESTADO DE EDUCAÇÃO DO DF";0,00;30.000,00;0,00;0,00;30.000,00;30.000,00;30.000,00;30.000,00;
"ROBÉRIO NEGREIROS";"15.451.6209.1110.8151 - EXECUÇÃO DE OBRAS DE URBANIZAÇÃO-EXECUÇÃO DE OBRAS DE URBANIZAÇÃO NA RA XXXI EM 2020- FERCAL";"ADMINISTRAÇÃO REGIONAL DA FERCAL - RA XXXI";50.000,00;-20.000,00;0,00;0,00;30.000,00;29.968,20;29.968,20;29.968,20;
"CLÁUDIO ABRANTES";"27.392.6219.9075.0162 - TRANSFERÊNCIA DE RECURSOS PARA PROJETOS CULTURAIS-APOIO À REALIZAÇÃO DE EVENTOS NO DISTRITO FEDERAL-DISTRITO FEDERAL";"SECRETARIA DE EST. DE CULTURA E ECON. CRIAT. DO DF";0,00;0,00;46.000,00;0,00;46.000,00;28.928,88;28.928,88;28.928,88;
"FERNANDO FERNANDES";"20.122.8201.2396.0082 - CONSERVAÇÃO DAS ESTRUTURAS FÍSICAS DE EDIFICAÇÕES PÚBLICAS-CONSERVAÇÃO DAS ESTRUTURAS FÍSICAS DAS EDIFICAÇÕES FÍSICAS DAS EDIFICAÇÕES DO GALPÃO DEPOSITO DA EMATER DF NA GRANJA DO TORTO.-DISTRITO FEDERAL";"EMPRESA DE ASSIST. TÉC. E EXT. RURAL DO DF-EMATER";0,00;40.000,00;0,00;0,00;40.000,00;28.500,00;28.500,00;28.372,94;
"HERMETO - JÚLIA LUCY";"14.243.6211.4217.0003 - MANUTENÇÃO DO SISTEMA SOCIOEDUCATIVO--DISTRITO FEDERAL";"SECRETARIA DE EST. DE JUSTIÇA E CIDADANIA DO DF";0,00;100.000,00;0,00;-76.026,00;23.974,00;22.683,40;15.300,00;15.300,00;
"REGINALDO SARDINHA";"06.181.6217.1569.0005 - DESENVOLVIMENTO DOS PROGRAMAS NACIONAIS DE SEGURANÇA PÚBLICA-AQUISIÇÃO DE EQUIPAMENTOS DE PROTEÇÃO INDIVIDUAL EPI - PCDF - DCCP (EM 2020) -DISTRITO FEDERAL";"POLÍCIA CIVIL DO DISTRITO FEDERAL - PCDF";0,00;96.250,00;0,00;0,00;96.250,00;22.669,42;22.669,42;22.669,42;
"REGINALDO SARDINHA";"15.451.6206.3902.0062 - REFORMA DE PRAÇAS PÚBLICAS E PARQUES-(EM 2020) NA REGIÃO ADMINISTRATIVA DO- CRUZEIRO";"ADMINISTRAÇÃO REGIONAL DO CRUZEIRO";0,00;20.000,00;0,00;0,00;20.000,00;19.729,49;19.729,49;19.729,49;
"FERNANDO FERNANDES";"20.606.6201.2173.0023 - FORTALECIMENTO DO EMPREGO E QUALIFICAÇÃO DO SETOR AGROPECUÁRIO";"EMPRESA DE ASSIST. TÉC. E EXT. RURAL DO DF-EMATER";60.000,00;0,00;0,00;0,00;60.000,00;19.235,32;19.235,32;19.235,32;
"HERMETO";"04.122.8205.8517.0149 - MANUTENÇÃO DE SERVIÇOS ADMINISTRATIVOS GERAIS-ADMINISTRAÇÃO REGIONAL- NÚCLEO BANDEIRANTE";"ADMINISTRAÇÃO REGIONAL DO  NÚCLEO BANDEIRANTE";0,00;41.000,00;0,00;0,00;41.000,00;18.161,46;18.161,46;18.161,46;
"JOÃO CARDOSO";"20.122.8201.2396.0085 - CONSERVAÇÃO DAS ESTRUTURAS FÍSICAS DE EDIFICAÇÕES PÚBLICAS-ESCRITÓRIO LOCAL DA EMATER-DF- SOBRADINHO";"EMPRESA DE ASSIST. TÉC. E EXT. RURAL DO DF-EMATER";0,00;30.000,00;0,00;0,00;30.000,00;14.999,98;14.999,98;14.999,98;
"IOLANDO ALMEIDA";"15.451.6209.3467.0073 - AQUISIÇÃO DE EQUIPAMENTOS- - BRAZLÂNDIA - BRAZLÂNDIA";"ADMINISTRAÇÃO REGIONAL DE  BRAZLANDIA";0,00;50.000,00;0,00;0,00;50.000,00;14.586,24;14.335,24;14.163,24;
"EDUARDO PEDROSA";"06.181.6217.4031.0019 - MONITORAMENTO POR CÂMERAS DE VÍDEO EM TODO O DF";"SECRETARIA DE EST. DE  SEGURANÇA PÚBLICA DO DF";0,00;28.951,45;0,00;0,00;28.951,45;14.100,49;14.100,49;14.100,49;
"PROF. REGINALDO VERAS";"15.452.6209.8508.9213 - MANUTENÇÃO DE ÁREAS URBANIZADAS E AJARDINADAS - TAGUATINGA";"ADMINISTRAÇÃO REGIONAL DE TAGUATINGA";500.000,00;-486.230,00;0,00;0,00;13.770,00;13.770,00;13.770,00;13.770,00;
"FERNANDO FERNANDES";"20.606.6201.2173.0023 - FORTALECIMENTO DO EMPREGO E QUALIFICAÇÃO DO SETOR AGROPECUÁRIO";"EMPRESA DE ASSIST. TÉC. E EXT. RURAL DO DF-EMATER";100.000,00;0,00;0,00;0,00;100.000,00;13.437,84;5.277,32;5.277,32;
"JOÃO CARDOSO";"04.122.8205.8517.9831 - MANUTENÇÃO DE SERVIÇOS ADMINISTRATIVOS";"ADMINISTRAÇÃO REGIONAL DE SOBRADINHO";10.000,00;10.000,00;0,00;-7.000,00;13.000,00;12.925,54;11.279,04;11.279,04;
"RODRIGO DELMASSO";"06.181.6217.4031.0025 - MONITORAMENTO POR CÂMERA DE VÍDEO-IMPLANTAÇÃO DO PROJETO DE VIDEOMONITORAMENTO NO SIA- SIA";"SECRETARIA DE EST. DE  SEGURANÇA PÚBLICA DO DF";0,00;0,00;0,00;0,00;0,00;12.424,13;12.424,13;12.424,13;
"LEANDRO GRASS";"12.122.6221.9068.0222 - TRANSFERÊNCIA POR MEIO DE DESCENTRALIZAÇÃO DE RECURSOS FINANCEIROS PARA AS ESCOLAS- ESCOLA CLASSE 20 DE CEILÂNDIA- CEILÂNDIA";"SECRETARIA DE ESTADO DE EDUCAÇÃO DO DF";0,00;10.000,00;0,00;0,00;10.000,00;10.000,00;10.000,00;10.000,00;
"RODRIGO DELMASSO";"14.421.6217.2426.8474 - FORTALECIMENTO DAS AÇÕES DE APOIO AO INTERNO E SUA FAMÍLIA--DISTRITO FEDERAL";"SECRETARIA DE ESTADO DE ESPORTE E LAZER DO DF";0,00;300.000,00;0,00;0,00;300.000,00;8.657,88;8.657,88;8.657,88;
"JAQUELINE SILVA";"04.122.8205.8517.0155 - MANUTENÇÃO DE SERVIÇOS ADMINISTRATIVOS GERAIS-RA XIII- SANTA MARIA";"ADMINISTRAÇÃO REGIONAL DE SANTA MARIA";0,00;80.000,00;0,00;0,00;80.000,00;7.279,39;7.279,39;7.279,39;
"REGINALDO SARDINHA";"04.122.8205.8517.0165 - MANUTENÇÃO DE SERVIÇOS ADMINISTRATIVOS GERAIS-MANUTENÇÃO DE SERVIÇOS ADMINISTRATIVOS GERAIS RA DO CRUZEIRO (EM 2020) - CRUZEIRO";"ADMINISTRAÇÃO REGIONAL DO CRUZEIRO";0,00;50.000,00;0,00;0,00;50.000,00;7.275,27;7.275,27;7.275,27;
"JAQUELINE SILVA";"15.451.6209.1110.8139 - EXECUÇÃO DE OBRAS DE URBANIZAÇÃO NA REGIÃO ADMINISTRATIVA DE SANTA MARIA-RA XIII";"ADMINISTRAÇÃO REGIONAL DE SANTA MARIA";350.000,00;-60.000,00;0,00;0,00;290.000,00;6.418,00;6.418,00;6.418,00;
"ROBÉRIO NEGREIROS";"11.122.8207.8517.9833 - MANUTENÇÃO DE SERVIÇOS ADMINISTRATIVOS GERAIS--DISTRITO FEDERAL";"FUNDO P/A GERAÇÃO DE EMP. E RENDA DO DF - FUNGER";400.000,00;-350.000,00;0,00;0,00;50.000,00;6.225,00;5.810,00;5.810,00;
"LEANDRO GRASS";"12.122.6221.9068.0224 - TRANSFERÊNCIA POR MEIO DE DESCENTRALIZAÇÃO DE RECURSOS FINANCEIROS PARA AS ESCOLAS- ESCOLA CLASSE 410 DA SAMAMBAIA- SAMAMBAIA";"SECRETARIA DE ESTADO DE EDUCAÇÃO DO DF";0,00;5.000,00;0,00;0,00;5.000,00;5.000,00;5.000,00;5.000,00;
"ROBÉRIO NEGREIROS";"11.122.8207.8517.0164 - MANUTENÇÃO DE SERVIÇOS ADMINISTRATIVOS GERAIS-EM 2020-DISTRITO FEDERAL";"SECR. DE ESTADO DE TRABALHO DO DISTRITO FEDERAL";0,00;55.000,00;0,00;0,00;55.000,00;4.350,00;4.350,00;4.350,00;
"JAQUELINE SILVA";"04.122.8205.8517.0155 - MANUTENÇÃO DE SERVIÇOS ADMINISTRATIVOS GERAIS-RA XIII- SANTA MARIA";"ADMINISTRAÇÃO REGIONAL DE SANTA MARIA";0,00;120.000,00;0,00;0,00;120.000,00;4.327,00;4.327,00;4.327,00;
"FÁBIO FÉLIX";"14.243.6211.4217.0005 - AQUISIÇÃO DE MATERIAIS ESPORTIVOS PARA AS UNIDADES DO SISTEMA SOCIOEDUCATIVO";"SECRETARIA DE EST. DE JUSTIÇA E CIDADANIA DO DF";30.000,00;0,00;0,00;0,00;30.000,00;4.036,60;0,00;0,00;
"REGINALDO SARDINHA";"06.181.6217.1569.0005 - DESENVOLVIMENTO DOS PROGRAMAS NACIONAIS DE SEGURANÇA PÚBLICA-AQUISIÇÃO DE EQUIPAMENTOS DE PROTEÇÃO INDIVIDUAL EPI - PCDF - DCCP (EM 2020) -DISTRITO FEDERAL";"POLÍCIA CIVIL DO DISTRITO FEDERAL - PCDF";0,00;3.750,00;0,00;0,00;3.750,00;3.750,00;3.750,00;3.750,00;
"DANIEL DONIZET";"06.181.6217.4031.0016 - MONITORAMENTO POR CÂMERA DE VÍDEO NA REGIÃO ADMINISTRATIVA DE SÃO SEBASTIÃO";"SECRETARIA DE EST. DE  SEGURANÇA PÚBLICA DO DF";0,00;3.439,12;0,00;0,00;3.439,12;3.369,98;3.369,98;3.369,98;
"DANIEL DONIZET";"15.451.6206.3048.0024 - REFORMA DE ESPAÇOS ESPORTIVOS-REFORMA DE QUADRAS POLIESPORTIVAS NO GAMA- GAMA";"ADMINISTRAÇÃO REGIONAL DO GAMA";0,00;2.695,00;0,00;0,00;2.695,00;2.694,10;2.694,10;2.694,10;
"HERMETO";"04.451.6209.8508.0055 - MANUTENÇÃO DE ÁREAS URBANIZADAS E AJARDINADAS- - NÚCLEO BANDEIRANTE-DISTRITO FEDERAL";"ADMINISTRAÇÃO REGIONAL DO  NÚCLEO BANDEIRANTE";0,00;40.000,00;0,00;0,00;40.000,00;1.792,00;1.792,00;1.792,00;
"DANIEL DONIZET";"15.451.6207.3247.0036 - REFORMA DE FEIRAS-GAMA- GAMA";"ADMINISTRAÇÃO REGIONAL DO GAMA";0,00;50.000,00;0,00;0,00;50.000,00;493,06;493,06;493,06;
"IOLANDO ALMEIDA";"15.451.6209.1836.0109 - AMPLIAÇÃO DOS PONTOS DE ILUMINAÇÃO PÚBLICA-SISTEMA DE ILUMINAÇÃO PÚBLICA - AVENIDA CONTORNO INCRA 8- BRAZLÂNDIA";"ADMINISTRAÇÃO REGIONAL DE  BRAZLANDIA";0,00;500.000,00;0,00;0,00;500.000,00;0,00;0,00;0,00;
"RODRIGO DELMASSO";"14.243.6211.9078.0038 - TRANSFERÊNCIA ÀS INSTITUIÇÕES DE ASSISTÊNCIA ÀS CRIANÇAS E AOS ADOLESCENTES-IMPLANTAÇÃO DO PROJETO CENTRO DA JUVENTUDE-OCA- GUARÁ";"CASA CIVIL DO DISTRITO FEDERAL";0,00;0,00;600.000,00;0,00;600.000,00;0,00;0,00;0,00;
"HERMETO";"20.606.6201.4119.2901 - REFORMA DO CANAL DE IRRIGAÇÃO DO RIACHO FUNDO I";"SECRETARIA DE AGRIC. ABASTECIMENTO E DESENV RURAL";400.000,00;0,00;0,00;0,00;400.000,00;0,00;0,00;0,00;
"FÁBIO FÉLIX";"20.606.6201.4119.0009 - MANUTENÇÃO DA INFRAESTRUTURA DO SETOR AGROPECUÁRIO-RECUPERAÇÃO DE CANAIS DE IRRIGAÇÃO DE ASSENTAMENTO EM PLANALTINA- PLANALTINA";"SECRETARIA DE AGRIC. ABASTECIMENTO E DESENV RURAL";0,00;120.000,00;0,00;0,00;120.000,00;0,00;0,00;0,00;
"CLÁUDIO ABRANTES";"25.272.6209.1836.0105 - AMPLIAÇÃO DOS PONTOS DE ILUMINAÇÃO PÚBLICA-EXECUÇÃO DE OBRA DE ILUMINAÇÃO PÚBLICA NA REGIÃO ADMINISTRATIVA DE PLANALTINA- PLANALTINA";"ADMINISTRAÇÃO REGIONAL DE PLANALTINA";0,00;800.000,00;0,00;0,00;800.000,00;0,00;0,00;0,00;
"RAFAEL PRUDENTE";"15.451.6209.1110.8168 - EXECUÇÃO DE OBRAS DE INFRAESTRUTURA E URBANIZAÇÃO NAS REG. ADM. DO DF";"COMPANHIA URB. DA NOVA CAPITAL DO BRASIL-NOVACAP";850.000,00;499.990,00;-852.327,00;0,00;497.663,00;0,00;0,00;0,00;
"IOLANDO ALMEIDA";"20.606.6201.3724.0010 - IMPLANTAÇÃO DE INFRAESTRUTURA RURAL-APOIO A RECUPERAÇÃO DE CANAIS DE IRRIGAÇÃO -DISTRITO FEDERAL";"SECRETARIA DE AGRIC. ABASTECIMENTO E DESENV RURAL";0,00;150.000,00;0,00;0,00;150.000,00;0,00;0,00;0,00;
"CHICO VIGILANTE";"13.392.6219.9075.0131 - APOIO AO PROJETO CULTURAL FESTIVAL DO FREVO";"SECRETARIA DE EST. DE CULTURA E ECON. CRIAT. DO DF";150.000,00;-150.000,00;0,00;0,00;0,00;0,00;0,00;0,00;
"ROOSEVELT VILELA";"13.392.6219.9075.0141 - APOIO AO CARNAVAL DE BRASÍLIA";"SECRETARIA DE EST. DE CULTURA E ECON. CRIAT. DO DF";1.200.000,00;-1.200.000,00;0,00;0,00;0,00;0,00;0,00;0,00;
"AGACIEL MAIA";"13.392.6219.9075.0173 - APOIO A EVENTOS CULTURAIS EM TODO O DF";"SECRETARIA DE EST. DE CULTURA E ECON. CRIAT. DO DF";0,00;100.000,00;-100.000,00;0,00;0,00;0,00;0,00;0,00;
"HERMETO";"04.812.6206.2024.0019 - APOIO AO DESPORTO E LAZER-- NÚCLEO BANDEIRANTE";"ADMINISTRAÇÃO REGIONAL DO  NÚCLEO BANDEIRANTE";300.000,00;-250.000,00;0,00;-50.000,00;0,00;0,00;0,00;0,00;
"LEANDRO GRASS";"11.334.6207.9120.0002 - TRANSFERÊNCIA DE RECURSOS PARA PROJETOS DE CAPACITAÇÃO PARA O TRABALHO E EMPREENDEDORISMO-TRANSFERÊNCIA DE RECURSOS PARA PROJETOS DE CAPACITAÇÃO PARA O TRABALHO E EMPREENDEDORISMO-DISTRITO FEDERAL";"SECR. DE ESTADO DE TRABALHO DO DISTRITO FEDERAL";0,00;-525.000,00;525.000,00;0,00;0,00;0,00;0,00;0,00;
"ROBÉRIO NEGREIROS";"26.782.6216.3128.0005 - AQUISIÇÃO DE VANS DO PROGRAMA TCB ACESSÍVEL EM 2020";"SOCIED. DE TRANSP. COLETIVOS DE BRASILIA - TCB";300.000,00;-300.000,00;0,00;0,00;0,00;0,00;0,00;0,00;
"ROOSEVELT VILELA";"25.752.6209.1836.7002 - MELHORIA E AMPLIAÇÃO DA REDE DE ILUMINAÇÃO PÚBLICA NA SQN 211";"ADMINISTRAÇÃO REGIONAL DO PLANO PILOTO";583.000,00;-583.000,00;0,00;0,00;0,00;0,00;0,00;0,00;
"FÁBIO FÉLIX";"26.451.6216.1347.9496 - CONSTRUÇÃO DE PASSARELA-CONSTRUÇÃO DE PASSARELA DE PEDESTRES SOBRE O METRÔ EM ÁGUAS CLARAS- ÁGUAS CLARAS";"COMPANHIA DO METROPOLITANO DO DF - METRÔ-DF";400.000,00;-400.000,00;0,00;0,00;0,00;0,00;0,00;0,00;
"JOSÉ GOMES";"15.451.6209.1110.8152 - EXECUÇÃO DE OBRAS DE URBANIZAÇÃO-EXECUÇÃO DE OBRAS DE INFRAESTRUTURA E URBANIZAÇÃO NO RECANTO DAS EMAS - DF- RECANTO DAS EMAS";"SECRETARIA DE ESTADO DE OBRAS E INFRAEST. DO DF";200.000,00;-200.000,00;0,00;0,00;0,00;0,00;0,00;0,00;
"JAQUELINE SILVA";"15.451.6209.1110.8154 - EXECUÇÃO DE OBRAS DE URBANIZAÇÃO-EXECUÇÃO DE OBRAS DE URBANIZAÇÃO NA REGIÃO ADMINISTRATIVA DO GAMA - RA II-DISTRITO FEDERAL";"SECRETARIA DE ESTADO DE OBRAS E INFRAEST. DO DF";600.000,00;-599.999,00;0,00;-1,00;0,00;0,00;0,00;0,00;
"JÚLIA LUCY";"15.812.6206.1079.0017 - CONSTRUÇÃO DE CAMPO SINTÉTICO EM RECANTO DAS EMAS";"COMPANHIA URB. DA NOVA CAPITAL DO BRASIL-NOVACAP";600.000,00;-600.000,00;0,00;0,00;0,00;0,00;0,00;0,00;
"JÚLIA LUCY";"10.122.6202.4166.0007 - PLANEJAMENTO E GESTÃO DA ATENÇÃO ESPECIALIZADA - PROGRAMA DE DESCENTRALIZAÇÃO PROGRESSIVA - PDPAS";"FUNDO DE SAÚDE DO DISTRITO FEDERAL";500.000,00;821.636,00;-1.321.636,00;0,00;0,00;0,00;0,00;0,00;
"CLÁUDIO ABRANTES";"15.122.6202.3223.0012 - CONSTRUÇÃO DE PRÉDIOS E PRÓPRIOS - ANEXO DO HOSPITAL DE PLANALTINA-DF";"COMPANHIA URB. DA NOVA CAPITAL DO BRASIL-NOVACAP";3.000.000,00;-3.000.000,00;0,00;0,00;0,00;0,00;0,00;0,00;
"PROF. REGINALDO VERAS";"10.302.6202.3736.0003 - IMPLANTAÇÃO DE BASE DO SAMU";"FUNDO DE SAÚDE DO DISTRITO FEDERAL";700.000,00;0,00;-281.585,93;0,00;418.414,07;0,00;0,00;0,00;
"MARTINS MACHADO";"10.122.6202.4166.0026 - PROGRAMA DE DESCENTRALIZAÇÃO PROGRESSIVA DAS AÇÕES DE SAÚDE - PDPAS";"FUNDO DE SAÚDE DO DISTRITO FEDERAL";0,00;300.000,00;-300.000,00;0,00;0,00;0,00;0,00;0,00;
"ARLETE AVELAR SAMPAIO";"10.122.6202.4166.0024 - PLANEJAMENTO E GESTÃO DA ATENÇÃO ESPECIALIZADA-PDPAS - HOSPITAL REGIONAL DE CEILÃNDIA- CEILÂNDIA";"FUNDO DE SAÚDE DO DISTRITO FEDERAL";0,00;1.000.000,00;-1.000.000,00;0,00;0,00;0,00;0,00;0,00;
"CHICO VIGILANTE";"10.122.6202.4166.0009 - PLANEJAMENTO E GESTÃO DA ATENÇÃO ESPECIALIZADA-PROGRAMA DE DESCENTRALIZAÇÃO PROGRESSIVA DE AÇÕES EM SAÚDE- GAMA";"FUNDO DE SAÚDE DO DISTRITO FEDERAL";0,00;350.000,00;-350.000,00;0,00;0,00;0,00;0,00;0,00;
"AGACIEL MAIA";"08.244.6228.9071.0017 - TRANSFERÊNCIA PARA PROTEÇÃO SOCIAL BÁSICA-TRANSFERÊNCIA PARA PROTEÇÃO SOCIAL BÁSICA-DISTRITO FEDERAL";"SECRETARIA DE EST. DE DESENV. SOCIAL DO DF";0,00;9.500.000,00;0,00;0,00;9.500.000,00;0,00;0,00;0,00;
"JAQUELINE SILVA";"11.333.6207.2900.7554 - EXPANSÃO DA OFERTA DE QUALIFICAÇÃO SOCIAL PROFISSIONAL PARA JOVENS E ADULTOS-QUALIFICA DF-DISTRITO FEDERAL";"SECRETARIA DE EST. DE DESENV. SOCIAL DO DF";88.636,00;0,00;-88.636,00;0,00;0,00;0,00;0,00;0,00;
"ARLETE AVELAR SAMPAIO";"11.334.6207.9107.0033 - APOIO AOS PROJETOS DE GERAÇÃO DE EMPREGO E RENDA";"SECRETARIA DE EST. DE DESENV. SOCIAL DO DF";240.000,00;0,00;-240.000,00;0,00;0,00;0,00;0,00;0,00;
"PROF. REGINALDO VERAS";"15.451.6209.1836.7017 - AMPLIAÇÃO DOS PONTOS DE ILUMINAÇÃO PÚBLICA-AMPLIAÇÃO DOS PONTOS DE ILUMINAÇÃO PÚBLICA-DISTRITO FEDERAL";"SECRETARIA DE ESTADO DE OBRAS E INFRAEST. DO DF";1.000.000,00;-900.000,00;0,00;-100.000,00;0,00;0,00;0,00;0,00;
"JOSÉ GOMES";"15.451.8209.1968.3220 - ELABORAÇÃO DE PROJETOS-ELABORAÇÃO DE PROJETOS DE URBANIZAÇÃO E INFRAESTRUTURA NO DISTRITO FEDERAL ? DF-DISTRITO FEDERAL";"SECRETARIA DE ESTADO DE OBRAS E INFRAEST. DO DF";800.000,00;-800.000,00;0,00;0,00;0,00;0,00;0,00;0,00;
"LEANDRO GRASS";"15.752.6209.8507.6485 - MANUTENÇÃO DO SISTEMA DE ILUMINAÇÃO PÚBLICA-MANUTENÇÃO DO SISTEMA DE ILUMINAÇÃO PÚBLICA - PROGRAMA DE EFICIÊNCIA ENERGÉTICA-DISTRITO FEDERAL";"SECRETARIA DE ESTADO DE OBRAS E INFRAEST. DO DF";691.636,00;-691.636,00;0,00;0,00;0,00;0,00;0,00;0,00;
"JÚLIA LUCY";"15.451.6209.1110.8164 - CONSTRUÇÃO E REFORMA DE CALÇADAS NO DISTRITO FEDERAL";"COMPANHIA URB. DA NOVA CAPITAL DO BRASIL-NOVACAP";500.000,00;-500.000,00;0,00;0,00;0,00;0,00;0,00;0,00;
"JOÃO CARDOSO";"15.812.6206.1079.0021 - CONSTRUÇÃO DE CAMPO DE GRAMA SINTÉTICA, QUADRAS POLIESPORTIVAS E QUADRAS DE FUTEVÔLEI NO DISTRITO FEDERAL";"COMPANHIA URB. DA NOVA CAPITAL DO BRASIL-NOVACAP";750.000,00;-750.000,00;0,00;0,00;0,00;0,00;0,00;0,00;
"REGINALDO SARDINHA";"27.812.6206.3596.8553 - IMPLANTAÇÃO DE PONTOS DE ENCONTRO COMUNITÁRIOS NO DF (EM 2020)";"COMPANHIA URB. DA NOVA CAPITAL DO BRASIL-NOVACAP";195.000,00;-195.000,00;0,00;0,00;0,00;0,00;0,00;0,00;
"JOÃO CARDOSO";"15.452.6209.3002.0005 - CONSTRUÇÃO DE PONTOS DE ENTREGA VOLUNTÁRIA - PEV'S--DISTRITO FEDERAL";"SERVIÇO DE LIMPEZA URBANA DO DISTRITO FEDERAL- SLU";600.000,00;-600.000,00;0,00;0,00;0,00;0,00;0,00;0,00;
"CHICO VIGILANTE";"15.452.6209.3002.0022 - CONSTRUÇÃO DE PONTOS DE ENTREGA VOLUNTÁRIA - PEVS NO DISTRITO FEDERAL";"SERVIÇO DE LIMPEZA URBANA DO DISTRITO FEDERAL- SLU";990.000,00;-990.000,00;0,00;0,00;0,00;0,00;0,00;0,00;
"JÚLIA LUCY";"10.302.6202.9107.0067 - TRANSFERÊNCIA FINANCEIRA A ENTIDADES-APOIO FINANCEIRO PARA COMBATE AO CÂNCER-DISTRITO FEDERAL";"SECRETARIA DE ESTADO DE SAÚDE DO DISTRITO FEDERAL";0,00;0,00;150.000,00;0,00;150.000,00;0,00;0,00;0,00;
"JÚLIA LUCY";"10.302.6202.9107.0067 - TRANSFERÊNCIA FINANCEIRA A ENTIDADES-APOIO FINANCEIRO PARA COMBATE AO CÂNCER-DISTRITO FEDERAL";"FUNDO DE SAÚDE DO DISTRITO FEDERAL";0,00;150.000,00;-150.000,00;0,00;0,00;0,00;0,00;0,00;
"JORGE VIANNA";"10.302.8202.2396.5401 - CONSERVAÇÃO DAS ESTRUTURAS FÍSICAS DE EDIFICAÇÕES DA SECRETARIA DE SAÚDE DO DF - 2020";"FUNDO DE SAÚDE DO DISTRITO FEDERAL";500.000,00;-500.000,00;0,00;0,00;0,00;0,00;0,00;0,00;
"HERMETO";"27.812.6206.3596.8554 - AQUISIÇÃO DE EQUIPAMENTOS ESPORTIVOS PARA O 13º BATALHÃO DE POLÍCIA MILITAR DE SOBRADINHO";"POLÍCIA MILITAR DO DISTRITO FEDERAL - PMDF";80.000,00;0,00;0,00;0,00;80.000,00;0,00;0,00;0,00;
"LEANDRO GRASS";"18.541.6210.9121.0001 - APOIO A PROJETOS AMBIENTAIS DO DISTRITO FEDERAL";"SECRETARIA DE ESTADO DO MEIO AMBIENTE";350.000,00;-350.000,00;0,00;0,00;0,00;0,00;0,00;0,00;
"JORGE VIANNA";"10.122.6202.4166.0022 - PLANEJAMENTO E GESTÃO DA ATENÇÃO ESPECIALIZADA-PROGRAMA DE DESCENTRALIZAÇÃO PROGRESSIVA DAS AÇÕES DE SAÚDE  - PDPAS-SES-2020-DISTRITO FEDERAL";"FUNDO DE SAÚDE DO DISTRITO FEDERAL";0,00;2.400.000,00;-2.400.000,00;0,00;0,00;0,00;0,00;0,00;
"RAFAEL PRUDENTE";"26.782.8216.3467.9630 - AQUISIÇÃO DE EQUIPAMENTOS PARA A TCB";"SOCIED. DE TRANSP. COLETIVOS DE BRASILIA - TCB";1.000.000,00;-1.000.000,00;0,00;0,00;0,00;0,00;0,00;0,00;
"HERMETO";"26.782.6216.5745.0024 - EXECUÇÃO DE PAVIMENTAÇÃO ASFÁLTICA NA REGIÃO ADMINISTRATIVA DO PARK WAY";"DEPTO DE ESTRADAS E RODAGEM DO DF - DER/DF";780.000,00;-780.000,00;0,00;0,00;0,00;0,00;0,00;0,00;
"DANIEL DONIZET";"15.127.6208.4011.0019 - REGULARIZAÇÃO DE ÁREAS DE INTERESSE SOCIAL";"COMPANHIA DE DESENV. DA HABITAÇÃO  DO DF - CODHAB";150.000,00;-150.000,00;0,00;0,00;0,00;0,00;0,00;0,00;
"RAFAEL PRUDENTE";"27.812.6206.3596.8555 - IMPLANTAÇÃO DE INFRAESTRUTURA ESPORTIVA NAS REG. ADM. DO DF";"SECRETARIA DE ESTADO DE ESPORTE E LAZER DO DF";500.000,00;-227.002,00;0,00;0,00;272.998,00;0,00;0,00;0,00;
"RAFAEL PRUDENTE";"27.812.6206.9080.0040 - TRANSFERÊNCIA DE RECURSOS PARA PROJETOS ESPORTIVOS NAS REG. ADM. DO DF";"SECRETARIA DE ESTADO DE ESPORTE E LAZER DO DF";300.000,00;-300.000,00;0,00;0,00;0,00;0,00;0,00;0,00;
"DANIEL DONIZET";"27.812.6206.9080.0050 - APOIO A PROJETOS ESPORTIVOS NAS REGIÕES ADMINISTRATIVAS DO DISTRITO FEDERAL";"SECRETARIA DE ESTADO DE ESPORTE E LAZER DO DF";480.000,00;-480.000,00;0,00;0,00;0,00;0,00;0,00;0,00;
"FÁBIO FÉLIX";"14.422.6211.2782.0009 - DESENVOLVIMENTO DO PROJETO CIDADANIA TRANS";"SECRETARIA DE EST. DE JUSTIÇA E CIDADANIA DO DF";570.000,00;-570.000,00;0,00;0,00;0,00;0,00;0,00;0,00;
"HERMETO";"28.846.0001.9050.7222 - CURSO DE FORMAÇÃO DOS CANDIDATOS REMANESCENTES DO CONCURSO DE AGENTE SOCIEDUCATIVO";"SECRETARIA DE EST. DE JUSTIÇA E CIDADANIA DO DF";500.000,00;-500.000,00;0,00;0,00;0,00;0,00;0,00;0,00;
"HERMETO";"03.061.8211.2422.0019 - CONCESSÃO DE BOLSA ESTÁGIO--DISTRITO FEDERAL";"DEFENSORIA PÚBLICA DO DISTRITO FEDERAL";200.000,00;-200.000,00;0,00;0,00;0,00;0,00;0,00;0,00;
"FÁBIO FÉLIX";"14.422.6211.1564.0011 - REFORMA DE UNIDADE DE ATENDIMENTO-AMPLIAÇÃO DO CENTRO DE ATENDIMENTO À MULHER - CEAM DE PLANALTINA- PLANALTINA";"SECRETARIA DE ESTADO DA MULHER DO DISTRITO FEDERAL";0,00;-100.000,00;100.000,00;0,00;0,00;0,00;0,00;0,00;
"FÁBIO FÉLIX";"14.422.6211.1564.0011 - REFORMA DE UNIDADE DE ATENDIMENTO-AMPLIAÇÃO DO CENTRO DE ATENDIMENTO À MULHER - CEAM DE PLANALTINA- PLANALTINA";"SECRETARIA DE ESTADO DA MULHER DO DISTRITO FEDERAL";0,00;-400.000,00;400.000,00;0,00;0,00;0,00;0,00;0,00;
"JÚLIA LUCY";"14.422.6211.3051.0011 - CONSTRUÇÃO DE EQUIPAMENTOS PÚBLICOS ESPECIALIZADOS DE ATENDIMENTO À MULHER-IMPLANTAÇÃO DA CASA DA MULHER EM CEILÂNDIA-DISTRITO FEDERAL";"SECRETARIA DE ESTADO DA MULHER DO DISTRITO FEDERAL";0,00;-450.000,00;450.000,00;0,00;0,00;0,00;0,00;0,00;
"JÚLIA LUCY";"14.422.6211.3051.0011 - CONSTRUÇÃO DE EQUIPAMENTOS PÚBLICOS ESPECIALIZADOS DE ATENDIMENTO À MULHER-IMPLANTAÇÃO DA CASA DA MULHER EM CEILÂNDIA-DISTRITO FEDERAL";"SECRETARIA DE ESTADO DA MULHER DO DISTRITO FEDERAL";0,00;-54.636,00;54.636,00;0,00;0,00;0,00;0,00;0,00;
"LEANDRO GRASS";"26.451.6216.1347.9497 - CONSTRUÇÃO DE PASSARELA-CONSTRUÇÃO DE PASSARELA DE PEDESTRE SOBRE A LINHA METROVIÁRIA PARA ACESSO À ESTAÇÃO ESTRADA PARQUE- REGIÃO SUL";"COMPANHIA DO METROPOLITANO DO DF - METRÔ-DF";400.000,00;-400.000,00;0,00;0,00;0,00;0,00;0,00;0,00;
"FERNANDO FERNANDES";"12.243.6211.9078.0027 - TRANSFERÊNCIA ÀS INSTITUIÇÕES DE ASSISTÊNCIA ÀS CRIANÇAS E AOS ADOLESCENTES-TRANSFERÊNCIA ÀS INSTITUIÇÕES DE ASSISTÊNCIA A CRIANÇAS E JOVENS EM SITUAÇÕES DE VULNERABILIDADE SOCIAL. -DISTRITO FEDERAL";"SECRETARIA DE EST. DE JUSTIÇA E CIDADANIA DO DF";2.400.000,00;-2.400.000,00;0,00;0,00;0,00;0,00;0,00;0,00;
"FERNANDO FERNANDES";"06.181.6217.3029.9524 - MODERNIZAÇÃO E REEQUIPAMENTO DA PCDF";"POLÍCIA CIVIL DO DISTRITO FEDERAL - PCDF";1.500.000,00;-1.500.000,00;0,00;0,00;0,00;0,00;0,00;0,00;
"ROBÉRIO NEGREIROS";"11.122.8207.8517.9833 - MANUTENÇÃO DE SERVIÇOS ADMINISTRATIVOS GERAIS--DISTRITO FEDERAL";"FUNDO P/A GERAÇÃO DE EMP. E RENDA DO DF - FUNGER";400.000,00;0,00;0,00;0,00;400.000,00;0,00;0,00;0,00;
"FÁBIO FÉLIX";"06.181.6217.2775.0012 - CAPACITAÇÃO PROFISSIONAL DE PESSOAS EGRESSAS DO SISTEMA PRISIONAL";"SECRETARIA DE EST. DE  SEGURANÇA PÚBLICA DO DF";120.000,00;-120.000,00;0,00;0,00;0,00;0,00;0,00;0,00;
"JOÃO CARDOSO";"06.181.6217.2775.0013 - APOIO AS FAMÍLIAS DO DISTRITO FEDERAL, PREVENÇÃO AO SUICÍDIO, COMBATE AO FEMINICÍDIO E PROTEÇÃO A VIDA";"SECRETARIA DE EST. DE  SEGURANÇA PÚBLICA DO DF";139.636,00;-139.636,00;0,00;0,00;0,00;0,00;0,00;0,00;
"REGINALDO SARDINHA";"06.422.6217.2726.0002 - MODERNIZAÇÃO DA INFRAESTRUTURA, SERVIÇOS E EQUIPAMENTOS DO SISTEMA PRISIONAL-MODERNIZAÇÃO DE GUARITAS PRINCIPAIS NO SISTEMA PENITENCIÁRIO DO DF (EM 2020)-DISTRITO FEDERAL";"SECRETARIA DE EST. DE  SEGURANÇA PÚBLICA DO DF";0,00;330.000,00;-330.000,00;0,00;0,00;0,00;0,00;0,00;
"HERMETO";"06.181.6217.1482.0001 - CONSTRUÇÃO DE ESTANDE DE TIRO NO BATALHÃO DE OPERAÇÕES ESPECIAIS - BOPE";"POLÍCIA MILITAR DO DISTRITO FEDERAL - PMDF";70.000,00;-70.000,00;0,00;0,00;0,00;0,00;0,00;0,00;
"MARTINS MACHADO";"14.422.6211.2782.0008 - APOIO A PROJETOS";"SECRETARIA DE EST. DE JUSTIÇA E CIDADANIA DO DF";300.000,00;-300.000,00;0,00;0,00;0,00;0,00;0,00;0,00;
"LEANDRO GRASS";"14.243.6211.9087.0011 - TRANSFERÊNCIA ÀS INSTITUIÇÕES DE ASSISTÊNCIA AOS JOVENS-APOIO A PROJETOS DE ASSISTÊNCIA AOS JOVENS DO DISTRITO FEDERAL-DISTRITO FEDERAL";"CASA CIVIL DO DISTRITO FEDERAL";0,00;-250.000,00;250.000,00;0,00;0,00;0,00;0,00;0,00;
"CHICO VIGILANTE";"15.451.6206.3902.9540 - REVITALIZAÇÃO DA PRAÇA DOS APOSENTADOS DO CONIC";"ADMINISTRAÇÃO REGIONAL DO PLANO PILOTO";600.000,00;-600.000,00;0,00;0,00;0,00;0,00;0,00;0,00;
"IOLANDO ALMEIDA";"27.812.6206.2024.5833 - APOIO AO ESPORTE AMADOR DE BRAZLANDIA IA";"ADMINISTRAÇÃO REGIONAL DE  BRAZLANDIA";100.000,00;-100.000,00;0,00;0,00;0,00;0,00;0,00;0,00;
"RODRIGO DELMASSO";"15.752.6209.8507.0026 - MANUTENÇÃO DO SISTEMA DE ILUMINAÇÃO PÚBLICA-MODERNIZAÇÃO E EFICIENTIZAÇÃO DA ILUMINAÇÃO PÚBLICA- RIACHO FUNDO";"ADMINISTRAÇÃO REGIONAL DO RIACHO FUNDO";0,00;1.000.000,00;-999.775,34;0,00;224,66;0,00;0,00;0,00;
"ROBÉRIO NEGREIROS";"15.451.6209.1110.8134 - EXECUÇÃO DE OBRAS DE URBANIZAÇÃO-EXECUÇÃO DE OBRAS DE URBANIZAÇÃO NA RA-X EM 2021- GUARÁ";"ADMINISTRAÇÃO REGIONAL DO GUARÁ";500.000,00;-500.000,00;0,00;0,00;0,00;0,00;0,00;0,00;
"CHICO VIGILANTE";"13.392.6219.9075.0114 - APOIO AO PROJETO CULTURAL DO PARQUE 3 MENINAS EM SAMAMBAIA";"SECRETARIA DE EST. DE CULTURA E ECON. CRIAT. DO DF";100.000,00;-100.000,00;0,00;0,00;0,00;0,00;0,00;0,00;
"PROF. REGINALDO VERAS";"13.392.6219.9075.0118 - APOIO A EVENTOS CULTURAIS";"SECRETARIA DE EST. DE CULTURA E ECON. CRIAT. DO DF";600.000,00;-580.000,00;0,00;0,00;20.000,00;0,00;0,00;0,00;
"ROBÉRIO NEGREIROS";"11.333.6207.2667.0011 - PROMOÇÃO DE AÇÕES DE QUALIFICAÇÃO SOCIAL ? FÁBRICA SOCIAL 2020";"SECRETARIA DE EST. DE DESENV. SOCIAL DO DF";1.000.000,00;-1.000.000,00;0,00;0,00;0,00;0,00;0,00;0,00;
"ROBÉRIO NEGREIROS";"11.333.6207.2667.0011 - PROMOÇÃO DE AÇÕES DE QUALIFICAÇÃO SOCIAL ? FÁBRICA SOCIAL 2020";"SECRETARIA DE EST. DE DESENV. SOCIAL DO DF";1.000.000,00;-1.000.000,00;0,00;0,00;0,00;0,00;0,00;0,00;
"JOSÉ GOMES";"11.333.6207.2900.7552 - IMPLANTAÇÃO DE CURSOS PROFISSIONALIZANTES PARA A POPULAÇÃO - QUALIFICA - DF";"SECRETARIA DE EST. DE DESENV. SOCIAL DO DF";200.000,00;0,00;-200.000,00;0,00;0,00;0,00;0,00;0,00;
"LEANDRO GRASS";"14.422.6211.4240.2283 - IMPLANTAÇÃO DA CARRETA DA SAÚDE DA MULHER";"SECRETARIA DE EST. DE DESENV. SOCIAL DO DF";190.000,00;-190.000,00;0,00;0,00;0,00;0,00;0,00;0,00;
"JOSÉ GOMES";"27.812.6206.9080.0036 - APOIO A EVENTOS ESPORTIVOS DO DISTRITO FEDERAL - DF - 2020";"SECRETARIA DE ESTADO DE ESPORTE E LAZER DO DF";500.000,00;-500.000,00;0,00;0,00;0,00;0,00;0,00;0,00;
"REGINALDO SARDINHA";"14.243.6228.9071.0011 - ASSISTÊNCIA À CRIANÇA E AO ADOLESCENTE EM TODO O DF (EM 2020)";"SECRETARIA DE EST. DE JUSTIÇA E CIDADANIA DO DF";957.000,00;-897.000,00;0,00;-60.000,00;0,00;0,00;0,00;0,00;
"FÁBIO FÉLIX";"15.451.6206.1950.9524 - CONSTRUÇÃO DA PRAÇA MARIELLE FRANCO";"ADMINISTRAÇÃO REGIONAL DO PLANO PILOTO";250.000,00;-250.000,00;0,00;0,00;0,00;0,00;0,00;0,00;
"JOÃO CARDOSO";"04.122.6207.4036.0022 - MANUTENÇÃO DE FEIRAS NA REGIÃO ADMINISTRATIVA DE SOBRADINHO";"ADMINISTRAÇÃO REGIONAL DE SOBRADINHO";40.000,00;-40.000,00;0,00;0,00;0,00;0,00;0,00;0,00;
"AGACIEL MAIA";"15.451.6209.1110.8123 - EXECUÇÃO DE OBRAS DE URBANIZAÇÃO E INFRAESTRUTURA EM PLANALTINA - H";"ADMINISTRAÇÃO REGIONAL DE PLANALTINA";500.000,00;-500.000,00;0,00;0,00;0,00;0,00;0,00;0,00;
"ARLETE AVELAR SAMPAIO";"26.451.6216.1968.3224 - IMPLANTAÇÃO DO PROJETO RODAS DO ANDAR EM CEILÂNDIA";"SECRETARIA DE EST.DE TRANSPORTE E MOBILIDADE DO DF";400.000,00;-400.000,00;0,00;0,00;0,00;0,00;0,00;0,00;
"JORGE VIANNA";"10.301.6202.3135.0038 - CONSTRUÇÃO DE INIDADES BÁSICAS DE SAÚDE - SES-DF - 2020";"FUNDO DE SAÚDE DO DISTRITO FEDERAL";1.000.000,00;0,00;-1.000.000,00;0,00;0,00;0,00;0,00;0,00;
"ROBÉRIO NEGREIROS";"17.512.6209.2903.0005 - MANUTENÇÃO E IMPLANTAÇÃO DE REDES DE DRENAGEM PLUVIAIS EM TODO O DISTRITO FEDERAL EM 2020";"COMPANHIA URB. DA NOVA CAPITAL DO BRASIL-NOVACAP";1.000.000,00;-1.000.000,00;0,00;0,00;0,00;0,00;0,00;0,00;
"ARLETE AVELAR SAMPAIO";"25.752.6209.1836.7025 - ILUMINAÇÃO PÚBLICA NAS CIDADES";"COMPANHIA URB. DA NOVA CAPITAL DO BRASIL-NOVACAP";400.000,00;-400.000,00;0,00;0,00;0,00;0,00;0,00;0,00;
"JOSÉ GOMES";"15.452.6209.3002.0017 - CONSTRUÇÃO DE PONTOS DE ENTREGA VOLUNTÁRIA - PEV - PARA ENTULHO NO DISTRITO FEDERAL - DF";"SERVIÇO DE LIMPEZA URBANA DO DISTRITO FEDERAL- SLU";300.000,00;-300.000,00;0,00;0,00;0,00;0,00;0,00;0,00;
"AGACIEL MAIA";"15.451.6209.1110.8141 - EXECUÇÃO DE OBRAS DE URBANIZAÇÃO E INFRAESTRUTURA EM SÃO SEBASTIÃO - H";"ADMINISTRAÇÃO REGIONAL DE SÃO SEBASTIÃO";500.000,00;-500.000,00;0,00;0,00;0,00;0,00;0,00;0,00;
"DANIEL DONIZET";"15.451.6209.1110.8148 - EXECUÇÃO DE OBRAS DE URBANIZAÇÃO-EXECUÇÃO DE OBRAS DE URBANIZAÇÃO NO JARDIM BOTÂNICO- JARDIM BOTÂNICO";"ADMINISTRAÇÃO REGIONAL DO JARDIM BOTÂNICO";300.000,00;0,00;0,00;0,00;300.000,00;0,00;0,00;0,00;
"FERNANDO FERNANDES";"08.244.6228.9073.0009 - APOIO À AMPLIAÇÃO NO NÚMERO DE VAGAS PARA O SERVIÇO DE ACOLHIMENTO INSTITUCIONAL DE ADOLESCENTE";"SECRETARIA DE EST. DE DESENV. SOCIAL DO DF";150.000,00;-150.000,00;0,00;0,00;0,00;0,00;0,00;0,00;
"JÚLIA LUCY";"14.422.6211.4240.2284 - APOIO À REALIZAÇÃO DE CURSOS VOLTADOS AO PLANEJAMENTO REPRODUTIVO E SAÚDE DA MULHER";"SECRETARIA DE EST. DE DESENV. SOCIAL DO DF";200.000,00;-200.000,00;0,00;0,00;0,00;0,00;0,00;0,00;
"EDUARDO PEDROSA";"12.362.6221.5023.0016 - CONSTRUÇÃO DE UNIDADE DE ENSINO-CONSTRUÇÃO DO CENTRO INTERESCOLAR DE LÍNGUAS/CIL DO ITAPOÃ - ITAPOÃ";"SECRETARIA DE ESTADO DE EDUCAÇÃO DO DF";0,00;100.000,00;0,00;0,00;100.000,00;0,00;0,00;0,00;
"ROOSEVELT VILELA";"18.542.6210.2536.0009 - MANUTENÇÃO E AMPLIAÇÃO DO PROGRAMA DE CASTRAÇÃO DE ANIMAIS DOMÉSTICOS (CÃES E GATOS)";"INSTITUTO DE MEIO AMBIENTE E REC. HÍDRICOS DO DF";100.000,00;-100.000,00;0,00;0,00;0,00;0,00;0,00;0,00;
"JOÃO CARDOSO";"15.451.6202.3223.0010 - REFORMA DE UNIDADES DE ATENÇÃO ESPECIALIZADA EM SAÚDE-REFORMA DO HOSPITAL REGIONAL DE SOBRADINHO- SOBRADINHO";"SECRETARIA DE ESTADO DE OBRAS E INFRAEST. DO DF";500.000,00;-500.000,00;0,00;0,00;0,00;0,00;0,00;0,00;
"MARTINS MACHADO";"15.451.6206.3048.9608 - REFORMA DE QUADRAS DE ESPORTE NO DISTRITO FEDERAL";"COMPANHIA URB. DA NOVA CAPITAL DO BRASIL-NOVACAP";800.000,00;-800.000,00;0,00;0,00;0,00;0,00;0,00;0,00;
"PROF. REGINALDO VERAS";"10.301.6202.3135.0037 - CONSTRUÇÃO DE UNIDADES BÁSICAS DE SAÚDE";"FUNDO DE SAÚDE DO DISTRITO FEDERAL";1.000.000,00;-1.000.000,00;0,00;0,00;0,00;0,00;0,00;0,00;
"JÚLIA LUCY";"10.301.8202.2396.0019 - CONSERVAÇÃO DAS ESTRUTURAS FÍSICAS DE EDIFICAÇÕES PÚBLICAS-ATENÇÃO PRIMÁRIA À SAÚDE-DISTRITO FEDERAL";"FUNDO DE SAÚDE DO DISTRITO FEDERAL";0,00;250.000,00;0,00;0,00;250.000,00;0,00;0,00;0,00;
"FERNANDO FERNANDES";"10.302.6202.3467.0048 - AQUISIÇÃO DE EQUIPAMENTOS--DISTRITO FEDERAL";"FUNDO DE SAÚDE DO DISTRITO FEDERAL";0,00;1.000.000,00;-1.000.000,00;0,00;0,00;0,00;0,00;0,00;
"RODRIGO DELMASSO";"15.451.6209.1110.8163 - CONSTRUÇÃO DA ROTA ACESSÍVEL DA FEIRA DO GUARÁ";"COMPANHIA URB. DA NOVA CAPITAL DO BRASIL-NOVACAP";1.500.000,00;-1.500.000,00;0,00;0,00;0,00;0,00;0,00;0,00;
"JÚLIA LUCY";"15.452.6209.3002.0024 - CONSTRUÇÃO DE PONTOS DE ENTREGA VOLUNTÁRIA - PEVS";"SERVIÇO DE LIMPEZA URBANA DO DISTRITO FEDERAL- SLU";360.000,00;-360.000,00;0,00;0,00;0,00;0,00;0,00;0,00;
"CHICO VIGILANTE";"10.122.6202.4166.0012 - PLANEJAMENTO E GESTÃO DA ATENÇÃO ESPECIALIZADA-PROGRAMA DE DESCENTRALIZAÇÃO PROGRESSIVA DE AÇÕES DE SAÚDE - PDPAS NA REGIÃO ADMINISTRATIVA DE PLANALTINA -DISTRITO FEDERAL";"FUNDO DE SAÚDE DO DISTRITO FEDERAL";0,00;300.000,00;-300.000,00;0,00;0,00;0,00;0,00;0,00;
"RAFAEL PRUDENTE";"15.451.6209.1110.8168 - EXECUÇÃO DE OBRAS DE INFRAESTRUTURA E URBANIZAÇÃO NAS REG. ADM. DO DF";"ADMINISTRAÇÃO REGIONAL DE SOBRADINHO II";0,00;0,00;300.000,00;0,00;300.000,00;0,00;0,00;0,00;
"FÁBIO FÉLIX";"12.122.8209.1984.9869 - CONSTRUÇÃO DO MUSEU DA EDUCAÇÃO DO DISTRITO FEDERAL";"COMPANHIA URB. DA NOVA CAPITAL DO BRASIL-NOVACAP";500.000,00;-500.000,00;0,00;0,00;0,00;0,00;0,00;0,00;
"VALDELINO BARCELOS";"15.302.6202.3223.0011 - REFORMA E AMPLIAÇÃO DO HOSPITAL REGIONAL DE PLANALTINA";"COMPANHIA URB. DA NOVA CAPITAL DO BRASIL-NOVACAP";3.200.000,00;-3.200.000,00;0,00;0,00;0,00;0,00;0,00;0,00;
"RAFAEL PRUDENTE";"15.451.6209.1110.8168 - EXECUÇÃO DE OBRAS DE INFRAESTRUTURA E URBANIZAÇÃO NAS REG. ADM. DO DF";"ADMINISTRAÇÃO REGIONAL DE SÃO SEBASTIÃO";0,00;0,00;552.327,00;0,00;552.327,00;0,00;0,00;0,00;
"ARLETE AVELAR SAMPAIO";"18.541.6210.4235.0004 - APOIO AO PROJETO PARQUE EDUCADOR";"INSTITUTO DE MEIO AMBIENTE E REC. HÍDRICOS DO DF";150.000,00;-49.122,00;0,00;0,00;100.878,00;0,00;0,00;0,00;
"JOÃO CARDOSO";"15.451.6209.1110.8122 - EXECUÇÃO DE OBRAS DE URBANIZAÇÃO";"ADMINISTRAÇÃO REGIONAL DE SOBRADINHO";500.000,00;-400.000,00;-100.000,00;0,00;0,00;0,00;0,00;0,00;
"HERMETO";"20.306.6201.4115.0003 - APOIO À REALIZAÇÃO DE COMPRAS DIRETAS DA PRODUÇÃO AGROPECUÁRIA PARA O BANCO DE ALIMENTOS";"SECRETARIA DE AGRIC. ABASTECIMENTO E DESENV RURAL";200.000,00;0,00;0,00;0,00;200.000,00;0,00;0,00;0,00;
"DANIEL DONIZET";"20.606.6201.4119.0010 - MANUTENÇÃO DA INFRAESTRUTURA DO SETOR AGROPECUÁRIO-RECUPERAÇÃO DE CANAIS DE IRRIGAÇÃO -DISTRITO FEDERAL";"SECRETARIA DE AGRIC. ABASTECIMENTO E DESENV RURAL";0,00;156.000,00;0,00;-156.000,00;0,00;0,00;0,00;0,00;
"DANIEL DONIZET";"15.451.6206.1950.9525 - CONSTRUÇÃO DE PARQUE NA VILA RORIZ - GAMA";"ADMINISTRAÇÃO REGIONAL DO GAMA";550.000,00;-550.000,00;0,00;0,00;0,00;0,00;0,00;0,00;
"DANIEL DONIZET";"15.451.6209.1968.3219 - ELABORAÇÃO DE PROJETOS - REGIÃO ADMINISTRATIVA DO GAMA";"ADMINISTRAÇÃO REGIONAL DO GAMA";200.000,00;-200.000,00;0,00;0,00;0,00;0,00;0,00;0,00;
"IOLANDO ALMEIDA";"14.422.6211.2782.0004 - PROGRAMA DE INCLUSÃO PRODUTIVA E SOCIAL- PESSOAS COM DEFICIENCIA";"CASA CIVIL DO DISTRITO FEDERAL";2.000.000,00;-2.000.000,00;0,00;0,00;0,00;0,00;0,00;0,00;
"ROBÉRIO NEGREIROS";"15.451.6209.1110.8137 - EXECUÇÃO DE OBRAS DE URBANIZAÇÃO NA RA XII EM 2020";"ADMINISTRAÇÃO REGIONAL DE SAMAMBAIA";500.000,00;-500.000,00;0,00;0,00;0,00;0,00;0,00;0,00;
"JAQUELINE SILVA";"15.451.6209.1110.8140 - EXECUÇÃO DE OBRAS DE URBANIZAÇÃO NA REGIÃO ADMINISTRATIVA DE SANTA MARIA-RA XIII";"ADMINISTRAÇÃO REGIONAL DE SANTA MARIA";100.000,00;-100.000,00;0,00;0,00;0,00;0,00;0,00;0,00;
"JAQUELINE SILVA";"27.812.6206.2024.0025 - APOIO AO DESPORTO E LAZER- EM- SANTA MARIA";"ADMINISTRAÇÃO REGIONAL DE SANTA MARIA";0,00;200.000,00;0,00;-200.000,00;0,00;0,00;0,00;0,00;
"HERMETO";"27.812.6206.4090.6131 - APOIO AO DESENVOLVIMENTO DO ESPORTE E LAZER NA CANDANGOLÂNDIA";"ADMINISTRAÇÃO REGIONAL DA CANDANGOLÂNDIA";120.000,00;-120.000,00;0,00;0,00;0,00;0,00;0,00;0,00;
"CHICO VIGILANTE";"13.392.6219.9075.0160 - TRANSFERÊNCIA DE RECURSOS PARA PROJETOS CULTURAIS-APOIO AO PROJETO CULTURAL DIÁLOGOS CONTEPORÂNEOS-DISTRITO FEDERAL";"SECRETARIA DE EST. DE CULTURA E ECON. CRIAT. DO DF";0,00;200.000,00;-200.000,00;0,00;0,00;0,00;0,00;0,00;
"CHICO VIGILANTE";"13.392.6219.9075.0160 - TRANSFERÊNCIA DE RECURSOS PARA PROJETOS CULTURAIS-APOIO AO PROJETO CULTURAL DIÁLOGOS CONTEPORÂNEOS-DISTRITO FEDERAL";"SECRETARIA DE EST. DE TURISMO DO DISTRITO FEDERAL";0,00;0,00;200.000,00;0,00;200.000,00;0,00;0,00;0,00;
"ROBÉRIO NEGREIROS";"11.333.6207.4102.0012 - MODERNIZAÇÃO DAS AGÊNCIAS DO TRABALHADOR 2020";"SECRETARIA DE EST. DE DESENV. SOCIAL DO DF";0,00;100.000,00;-100.000,00;0,00;0,00;0,00;0,00;0,00;
"ROBÉRIO NEGREIROS";"11.333.6207.4102.0012 - MODERNIZAÇÃO DAS AGÊNCIAS DO TRABALHADOR 2020";"SECRETARIA DE EST. DE DESENV. SOCIAL DO DF";700.000,00;1.300.000,00;-2.000.000,00;0,00;0,00;0,00;0,00;0,00;
"ROBÉRIO NEGREIROS";"11.333.6207.4102.0012 - MODERNIZAÇÃO DAS AGÊNCIAS DO TRABALHADOR 2020";"SECRETARIA DE EST. DE DESENV. SOCIAL DO DF";300.000,00;700.000,00;-1.000.000,00;0,00;0,00;0,00;0,00;0,00;
"ARLETE AVELAR SAMPAIO - JÚLIA LUCY";"11.333.6207.9107.0034 - TRANSFERÊNCIA PARA CAPACITAÇÃO DE JOVENS E ADULTOS";"SECRETARIA DE EST. DE DESENV. SOCIAL DO DF";200.000,00;100.000,00;-300.000,00;0,00;0,00;0,00;0,00;0,00;
"ARLETE AVELAR SAMPAIO";"11.333.6207.9107.0035 - APOIO AOS PROJETOS DO MOVIMENTO PRO SAÚDE MENTAL";"SECRETARIA DE EST. DE DESENV. SOCIAL DO DF";150.000,00;0,00;-150.000,00;0,00;0,00;0,00;0,00;0,00;
"FÁBIO FÉLIX";"14.422.6211.1564.0009 - AMPLIAÇÃO DO CENTRO DE ATENDIMENTO À MULHER - CEAM DE PLANALTINA";"SECRETARIA DE EST. DE DESENV. SOCIAL DO DF";100.000,00;0,00;-100.000,00;0,00;0,00;0,00;0,00;0,00;
"FÁBIO FÉLIX";"14.422.6211.1564.0009 - AMPLIAÇÃO DO CENTRO DE ATENDIMENTO À MULHER - CEAM DE PLANALTINA";"SECRETARIA DE EST. DE DESENV. SOCIAL DO DF";400.000,00;0,00;-400.000,00;0,00;0,00;0,00;0,00;0,00;
"LEANDRO GRASS";"06.421.6217.2727.0005 - MANUTENÇÃO DO SISTEMA PENITENCIÁRIO DO DF-AQUISIÇÃO DE EQUIPAMENTOS DE PROTEÇÃO INDIVIDUAL DE LIMPEZA E OUTROS BENS DE CONSUMO PARA O SISTEMA PENITENCIÁRIO  -DISTRITO FEDERAL";"SECRETARIA DE EST. DE  SEGURANÇA PÚBLICA DO DF";0,00;251.000,00;-251.000,00;0,00;0,00;0,00;0,00;0,00;
"RAFAEL PRUDENTE";"10.302.6202.3141.2701 - AMPLIAÇÃO DO CENTRO DE TERAPIA INTENSIVA-UTI DO HOSPITAL REGIONAL DE TAGUATINGA-HRT";"FUNDO DE SAÚDE DO DISTRITO FEDERAL";1.000.000,00;-1.000.000,00;0,00;0,00;0,00;0,00;0,00;0,00;
"CLÁUDIO ABRANTES";"27.392.6219.9075.0144 - APOIO AO EVENTO C.O.M.A.";"SECRETARIA DE EST. DE TURISMO DO DISTRITO FEDERAL";500.000,00;-500.000,00;0,00;0,00;0,00;0,00;0,00;0,00;
"RODRIGO DELMASSO";"27.811.6206.9080.0041 - PROJETO BRASÍLIA CAPITAL DO VÔLEI";"SECRETARIA DE ESTADO DE ESPORTE E LAZER DO DF";2.000.000,00;-2.000.000,00;0,00;0,00;0,00;0,00;0,00;0,00;
"ARLETE AVELAR SAMPAIO";"14.422.6211.1564.0010 - REFORMA DE CASAS DE ACOLHIMENTO NO DF";"SECRETARIA DE EST. DE JUSTIÇA E CIDADANIA DO DF";200.000,00;-200.000,00;0,00;0,00;0,00;0,00;0,00;0,00;
"LEANDRO GRASS";"06.181.6217.3029.9523 - MODERNIZAÇÃO E REEQUIPAMENTO DA DEMA ? DELEGACIA ESPECIAL DE PROTEÇÃO AO MEIO AMBIENTE E À ORDEM URBANÍSTICA DA POLICIA CIVIL DO DF";"POLÍCIA CIVIL DO DISTRITO FEDERAL - PCDF";300.000,00;-300.000,00;0,00;0,00;0,00;0,00;0,00;0,00;
"FÁBIO FÉLIX";"11.122.6207.2782.0011 - DESENVOLVIMENTO, INCLUSÃO E PROMOÇÃO SOCIAL-FORTALECIMENTO DE COOPERATIVAS DE CATADORES-DF ENTORNO";"SECR. DE ESTADO DE TRABALHO DO DISTRITO FEDERAL";0,00;-220.000,00;220.000,00;0,00;0,00;0,00;0,00;0,00;
"JOSÉ GOMES";"11.333.6207.2900.0010 - EXPANSÃO DA OFERTA DE QUALIFICAÇÃO SOCIAL PROFISSIONAL PARA JOVENS E ADULTOS-IMPLANTAÇÃO DE CURSOS PROFISSIONALIZANTES PARA A POPULAÇÃO - QUALIFICA - DF-DISTRITO FEDERAL";"SECR. DE ESTADO DE TRABALHO DO DISTRITO FEDERAL";0,00;-200.000,00;200.000,00;0,00;0,00;0,00;0,00;0,00;
"EDUARDO PEDROSA";"26.782.6216.5745.0025 - EXECUÇÃO DE PAVIMENTAÇÃO ASFÁLTICA EM PROL DE TODA COMUNIDADE DO DF";"DEPTO DE ESTRADAS E RODAGEM DO DF - DER/DF";2.204.636,00;-2.204.636,00;0,00;0,00;0,00;0,00;0,00;0,00;
"ROOSEVELT VILELA";"23.695.6207.9085.0015 - APOIO À REALIZAÇÃO DO EIXÃO AGRO";"SECRETARIA DE EST. DE TURISMO DO DISTRITO FEDERAL";100.000,00;-100.000,00;0,00;0,00;0,00;0,00;0,00;0,00;
"RAFAEL PRUDENTE";"12.361.6221.5924.9331 - CONSTRUÇÃO DE UNIDADES DO ENSINO FUNDAMENTAL NAS REG. ADM. DO DF";"SECRETARIA DE ESTADO DE EDUCAÇÃO DO DF";500.000,00;-500.000,00;0,00;0,00;0,00;0,00;0,00;0,00;
"IOLANDO ALMEIDA";"15.812.6206.1079.0014 - CONSTRUÇÃO DE CAMPO SINTÉTICO EM BRAZLANDIA";"COMPANHIA URB. DA NOVA CAPITAL DO BRASIL-NOVACAP";800.000,00;-800.000,00;0,00;0,00;0,00;0,00;0,00;0,00;
"ROOSEVELT VILELA - JÚLIA LUCY";"15.122.6208.1968.3222 - APOIO À ELABORAÇÃO DE PROJETOS";"COMPANHIA URB. DA NOVA CAPITAL DO BRASIL-NOVACAP";3.500.000,00;-3.500.000,00;0,00;0,00;0,00;0,00;0,00;0,00;
"FERNANDO FERNANDES";"15.451.6206.1079.0016 - CONSTRUÇÃO DE CAMPO SINTÉTICO";"COMPANHIA URB. DA NOVA CAPITAL DO BRASIL-NOVACAP";1.100.000,00;-1.100.000,00;0,00;0,00;0,00;0,00;0,00;0,00;
"JORGE VIANNA";"15.451.6206.3048.9603 - REFORMA E REVITALIZAÇÃO DE ESPAÇOS ESPORTIVOS EM SAMAMBAIA - 2020";"COMPANHIA URB. DA NOVA CAPITAL DO BRASIL-NOVACAP";500.000,00;-500.000,00;0,00;0,00;0,00;0,00;0,00;0,00;
"REGINALDO SARDINHA";"15.451.6206.3902.9546 - REFORMA DE PARQUINHOS NAS REGIÕES ADMINISTRATIVAS DO DF (EM 2020)";"COMPANHIA URB. DA NOVA CAPITAL DO BRASIL-NOVACAP";954.818,00;-954.818,00;0,00;0,00;0,00;0,00;0,00;0,00;
"MARTINS MACHADO";"15.451.6209.1110.8172 - EXECUÇÃO DE OBRAS E INFRAESTRUTURA NAS REGIÕES ADMINISTRATIVAS DO DISTRITO FEDERAL";"COMPANHIA URB. DA NOVA CAPITAL DO BRASIL-NOVACAP";1.000.000,00;-616.662,00;-383.338,00;0,00;0,00;0,00;0,00;0,00;
"RAFAEL PRUDENTE";"10.122.6202.4166.0004 - PROGRAMA DE DESCENTRALIZAÇÃO PROGRESSIVA - PDPA NAS REG. ADM. DO DF";"FUNDO DE SAÚDE DO DISTRITO FEDERAL";300.000,00;0,00;-300.000,00;0,00;0,00;0,00;0,00;0,00;
"CLÁUDIO ABRANTES";"15.452.6209.3002.0025 - CONSTRUÇÃO DE PONTO DE ENTREGA VOLUNTÁRIA - PEV - DF - PAPA ENTULHO";"SERVIÇO DE LIMPEZA URBANA DO DISTRITO FEDERAL- SLU";1.050.000,00;-1.050.000,00;0,00;0,00;0,00;0,00;0,00;0,00;
"FERNANDO FERNANDES";"10.122.6202.4166.0021 - PLANEJAMENTO E GESTÃO DA ATENÇÃO ESPECIALIZADA-RECURSOS PARA O HOSPITAL REGIONAL DE CEILÂNDIA - PARA O COMBATE A PANDEMIA DO CORONA VÍRUS - COVID19-DISTRITO FEDERAL";"FUNDO DE SAÚDE DO DISTRITO FEDERAL";0,00;1.500.000,00;-1.500.000,00;0,00;0,00;0,00;0,00;0,00;
"JOSÉ GOMES";"10.301.6202.3135.0042 - CONSTRUÇÃO DE UNIDADES BÁSICAS DE SAÚDE-UBS-DISTRITO FEDERAL";"FUNDO DE SAÚDE DO DISTRITO FEDERAL";0,00;2.500.000,00;-2.500.000,00;0,00;0,00;0,00;0,00;0,00;
"FÁBIO FÉLIX";"10.302.6202.2997.0002 - SERVIÇOS ASSISTENCIAIS COMPLEMENTARES EM TERAPIA INTENSIVA - UTI-SERVIÇOS ASSISTÊNCIAIS COMPLEMENTARES EM TERAPIA INTENSIVA - UTI -DISTRITO FEDERAL";"FUNDO DE SAÚDE DO DISTRITO FEDERAL";0,00;1.000.000,00;-1.000.000,00;0,00;0,00;0,00;0,00;0,00;
"AGACIEL MAIA";"15.451.6209.1110.8126 - EXECUÇÃO DE OBRAS DE URBANIZAÇÃO E INFRAESTRUTURA NO PARANOÁ - H";"ADMINISTRAÇÃO REGIONAL DO PARANOÁ";500.000,00;-500.000,00;0,00;0,00;0,00;0,00;0,00;0,00;
"FERNANDO FERNANDES";"15.451.6209.1110.8132 - REFORMA DE PRAÇAS, ENTREQUADRAS E ÁREAS ESPORTIVAS EM CEILÂNDIA - DF.";"ADMINISTRAÇÃO REGIONAL DE CEILÂNDIA";2.500.000,00;-2.500.000,00;0,00;0,00;0,00;0,00;0,00;0,00;
"ROBÉRIO NEGREIROS";"13.392.6219.9075.0112 - TRANSFERÊNCIA DE RECURSOS PARA PROJETOS CULTURAIS-APOIO A EVENTO CULTURAL NA RA X EM 2020- GUARÁ";"ADMINISTRAÇÃO REGIONAL DO GUARÁ";500.000,00;-500.000,00;0,00;0,00;0,00;0,00;0,00;0,00;
"DANIEL DONIZET";"20.122.8201.3903.9827 - REFORMA DE PRÉDIOS E PRÓPRIOS - ESCRITÓRIO DA EMATER NO GAMA";"EMPRESA DE ASSIST. TÉC. E EXT. RURAL DO DF-EMATER";300.000,00;-300.000,00;0,00;0,00;0,00;0,00;0,00;0,00;
"CLÁUDIO ABRANTES";"20.606.6201.2173.0026 - APOIO A REALIZAÇÃO DE CAPACITAÇÃO PARA PRODUTORES RURAIS";"EMPRESA DE ASSIST. TÉC. E EXT. RURAL DO DF-EMATER";70.000,00;-70.000,00;0,00;0,00;0,00;0,00;0,00;0,00;
"CLÁUDIO ABRANTES";"20.606.6201.2173.0026 - APOIO A REALIZAÇÃO DE CAPACITAÇÃO PARA PRODUTORES RURAIS";"EMPRESA DE ASSIST. TÉC. E EXT. RURAL DO DF-EMATER";80.000,00;-80.000,00;0,00;0,00;0,00;0,00;0,00;0,00;
"CLÁUDIO ABRANTES";"20.606.6201.2173.0026 - APOIO A REALIZAÇÃO DE CAPACITAÇÃO PARA PRODUTORES RURAIS";"EMPRESA DE ASSIST. TÉC. E EXT. RURAL DO DF-EMATER";30.000,00;-30.000,00;0,00;0,00;0,00;0,00;0,00;0,00;
"PROF. REGINALDO VERAS";"13.392.6219.9075.0117 - FESTA MAIOR SÃO JOÃO DO CERRADO";"SECRETARIA DE EST. DE CULTURA E ECON. CRIAT. DO DF";100.000,00;-100.000,00;0,00;0,00;0,00;0,00;0,00;0,00;
"JORGE VIANNA";"14.243.6211.9078.0021 - PROJETO CARRETA DA SAÚDE DA CRIANÇA  - 2020";"SECRETARIA DE EST. DE JUSTIÇA E CIDADANIA DO DF";500.000,00;-500.000,00;0,00;0,00;0,00;0,00;0,00;0,00;
"ARLETE AVELAR SAMPAIO";"14.422.6211.9107.0041 - APOIO AOS PROJETOS DE DIREITOS HUMANOS";"SECRETARIA DE EST. DE JUSTIÇA E CIDADANIA DO DF";1.200.000,00;-1.184.715,00;0,00;0,00;15.285,00;0,00;0,00;0,00;
"RAFAEL PRUDENTE";"27.812.6206.4091.5918 - APOIO A PROJETOS NAS REG. ADM. DO DF";"SECRETARIA DE ESTADO DE ESPORTE E LAZER DO DF";150.000,00;-150.000,00;0,00;0,00;0,00;0,00;0,00;0,00;
"MARTINS MACHADO";"03.061.8211.2422.9650 - CONCESSÃO DE BOLSADE ESTÁGIO - DEFENSORIA PÚBLICA";"DEFENSORIA PÚBLICA DO DISTRITO FEDERAL";300.000,00;-300.000,00;0,00;0,00;0,00;0,00;0,00;0,00;
"RODRIGO DELMASSO";"14.573.6207.9118.0020 - TRANSFERÊNCIA DE RECURSOS PARA DIFUSÃO CIENTÍFICA E TECNOLÓGICA-APOIO AO PROJETO APRENDA MAIS - OCA-DISTRITO FEDERAL";"CASA CIVIL DO DISTRITO FEDERAL";0,00;0,00;3.000.000,00;0,00;3.000.000,00;0,00;0,00;0,00;
"DANIEL DONIZET";"15.451.6209.1110.8115 - EXECUÇÃO DE OBRAS DE URBANIZAÇÃO NO GAMA";"ADMINISTRAÇÃO REGIONAL DO GAMA";400.000,00;-400.000,00;0,00;0,00;0,00;0,00;0,00;0,00;
"ROBÉRIO NEGREIROS";"11.333.6207.2667.0012 - PROGRAMA CENTRO DE EMPREENDIMENTO ECONÔMICO E SOLIDÁRIO ? FÁBRICA SOCIAL 2020";"SECRETARIA DE EST. DE DESENV. SOCIAL DO DF";1.100.000,00;-1.100.000,00;0,00;0,00;0,00;0,00;0,00;0,00;
"PROF. REGINALDO VERAS";"18.541.6206.3902.9542 - CONSTRUÇÃO DE PARQUINHOS INFANTIS EM PARQUES DO DISTRITO FEDERAL";"INSTITUTO DE MEIO AMBIENTE E REC. HÍDRICOS DO DF";200.000,00;-200.000,00;0,00;0,00;0,00;0,00;0,00;0,00;
"CHICO VIGILANTE";"18.541.6210.4235.0003 - APOIO AO PROJETO ""PARQUE EDUCADOR""";"INSTITUTO DE MEIO AMBIENTE E REC. HÍDRICOS DO DF";100.000,00;-100.000,00;0,00;0,00;0,00;0,00;0,00;0,00;
"DANIEL DONIZET";"18.542.6210.4094.2260 - PROGRAMA DE INCENTIVO A ADOÇÃO E A GUARDA RESPONSÁVEL";"INSTITUTO DE MEIO AMBIENTE E REC. HÍDRICOS DO DF";400.000,00;-400.000,00;0,00;0,00;0,00;0,00;0,00;0,00;
"JOÃO CARDOSO";"15.451.6209.1836.7024 - AMPLIAÇÃO DOS PONTOS DE ILUMINAÇÃO PÚBLICA-AMPLIAÇÃO DOS PONTOS DE ILUMINAÇÃO PÚBLICA NA RODOVIA DF-326, FERCAL/DF, COM A INSTALAÇÃO DE REDE E POSTES COM LUMINÁRIAS-DISTRITO FEDERAL";"SECRETARIA DE ESTADO DE OBRAS E INFRAEST. DO DF";1.405.000,00;-1.405.000,00;0,00;0,00;0,00;0,00;0,00;0,00;
"IOLANDO ALMEIDA";"13.392.6219.9075.0176 - APOIO À REALIZAÇÃO DE ATIVIDADES CULTURAIS";"SECRETARIA DE EST. DE CULTURA E ECON. CRIAT. DO DF";0,00;150.000,00;-150.000,00;0,00;0,00;0,00;0,00;0,00;
"HERMETO";"15.451.6209.1110.0290 - EXECUÇÃO DE OBRAS DE URBANIZAÇÃO-- PARK WAY";"ADMINISTRAÇÃO REGIONAL DO PARK WAY";220.000,00;-220.000,00;0,00;0,00;0,00;0,00;0,00;0,00;
"FÁBIO FÉLIX";"13.392.6219.9075.0138 - FORTALECIMENTO DAS INICIATIVAS CULTURAIS NO DF";"SECRETARIA DE EST. DE CULTURA E ECON. CRIAT. DO DF";300.000,00;-300.000,00;0,00;0,00;0,00;0,00;0,00;0,00;
"FÁBIO FÉLIX";"11.333.6207.9122.0002 - TRANSFERÊNCIA DE RECURSOS PARA PROJETOS DE CAPACITAÇÃO PARA O TRABALHO E EMPREENDEDORISMO-ENCONTRO NACIONAL DE MULHERES RURAIS NA ECONOMIA SOLIDÁRIA- PLANO PILOTO .";"SECR. DE ESTADO DE TRABALHO DO DISTRITO FEDERAL";0,00;-100.000,00;100.000,00;0,00;0,00;0,00;0,00;0,00;
"JAQUELINE SILVA";"26.782.6216.3005.0017 - AMPLIAÇÃO DA RODOVIA BR 040 NAS REGIÕES ADMINISTRATIVAS DO DISTRITO FEDERAL-DF";"DEPTO DE ESTRADAS E RODAGEM DO DF - DER/DF";200.000,00;-200.000,00;0,00;0,00;0,00;0,00;0,00;0,00;
"JOÃO CARDOSO";"23.695.6207.4090.6135 - APOIO AO XV ENCONTRO  NACIONAL DAS ACERVAS - PRODUTORES DE CERVEJA ARTESANAL";"SECRETARIA DE EST. DE TURISMO DO DISTRITO FEDERAL";50.000,00;-50.000,00;0,00;0,00;0,00;0,00;0,00;0,00;
"CLÁUDIO ABRANTES";"15.127.6208.4011.0020 - APOIO AO PROJETO PASSANDO A LIMPO";"COMPANHIA DE DESENV. DA HABITAÇÃO  DO DF - CODHAB";1.000.000,00;-1.000.000,00;0,00;0,00;0,00;0,00;0,00;0,00;
"JAQUELINE SILVA";"16.482.6208.3571.0009 - PRESTAÇÃO DE SERVIÇO DE ASSISTÊNCIA TÉCNICA EM HABITAÇÃO DE INTERESSE SOCIAL PARA MELHORIAS DE UNIDADES HABITACIONAIS NO DF";"COMPANHIA DE DESENV. DA HABITAÇÃO  DO DF - CODHAB";1.000.000,00;-1.000.000,00;0,00;0,00;0,00;0,00;0,00;0,00;
"RODRIGO DELMASSO";"27.243.6206.9080.0043 - PROJETO VIVAVÔLEI INCLUSÃO NACIONAL (OCA)";"SECRETARIA DE ESTADO DE ESPORTE E LAZER DO DF";1.100.000,00;-1.100.000,00;0,00;0,00;0,00;0,00;0,00;0,00;
"EDUARDO PEDROSA";"13.422.8219.2396.5284 - CONSERVAÇÃO DAS ESTRUTURAS FÍSICAS DE EDIFICAÇÕES PÚBLICAS-PATRIMÔNIO HISTÓRICO E ARTÍSTICO - SECRETARIA DE CULTURA-DISTRITO FEDERAL";"SECRETARIA DE EST. DE CULTURA E ECON. CRIAT. DO DF";0,00;150.000,00;0,00;-150.000,00;0,00;0,00;0,00;0,00;
"FÁBIO FÉLIX";"11.122.6207.2782.0007 - FORTALECIMENTO DE COOPERATIVAS DE CATADORES";"SECRETARIA DE EST. DE DESENV. SOCIAL DO DF";220.000,00;0,00;-220.000,00;0,00;0,00;0,00;0,00;0,00;
"DANIEL DONIZET";"10.301.6202.3135.0033 - CONSTRUÇÃO DE UNIDADE BÁSICA DE SAÚDE - UBS JARDINS MANGUEIRAL";"FUNDO DE SAÚDE DO DISTRITO FEDERAL";1.000.000,00;-1.000.000,00;0,00;0,00;0,00;0,00;0,00;0,00;
"JORGE VIANNA";"10.302.6202.3467.9626 - AQUISIÇÃO DE EQUIPAMENTOS PARA ATENÇÃO ESPECIALIZADA HOSPITALAR - SES-DF 2020";"SECRETARIA DE ESTADO DE SAÚDE DO DISTRITO FEDERAL";0,00;0,00;600.000,00;0,00;600.000,00;0,00;0,00;0,00;
"JORGE VIANNA";"10.302.6202.3467.9626 - AQUISIÇÃO DE EQUIPAMENTOS PARA ATENÇÃO ESPECIALIZADA HOSPITALAR - SES-DF 2020";"FUNDO DE SAÚDE DO DISTRITO FEDERAL";600.000,00;0,00;-600.000,00;0,00;0,00;0,00;0,00;0,00;
"FÁBIO FÉLIX";"10.302.6202.4009.0003 - AQUISIÇÃO DE INSUMOS E MATERIAL MÉDICO HOSPITALAR-AQUISIÇÃO DE INSUMOS E MATERIAL MÉDICO  HOSPITALAR -DISTRITO FEDERAL";"FUNDO DE SAÚDE DO DISTRITO FEDERAL";0,00;500.000,00;-500.000,00;0,00;0,00;0,00;0,00;0,00;
"AGACIEL MAIA";"25.752.6209.8507.0036 - MANUTENÇÃO DO SISTEMA DE ILUMINAÇÃO PÚBLICA-EM ÁGUAS CLARAS-DISTRITO FEDERAL";"ADMINISTRAÇÃO REGIONAL DE ÁGUAS CLARAS";0,00;36.485,00;0,00;0,00;36.485,00;0,00;0,00;0,00;
"LEANDRO GRASS";"20.606.6201.2173.0022 - APOIO À FEST FLOR BRASIL";"EMPRESA DE ASSIST. TÉC. E EXT. RURAL DO DF-EMATER";260.000,00;-260.000,00;0,00;0,00;0,00;0,00;0,00;0,00;
"LEANDRO GRASS";"20.606.6201.2173.0022 - APOIO À FEST FLOR BRASIL";"EMPRESA DE ASSIST. TÉC. E EXT. RURAL DO DF-EMATER";20.000,00;-20.000,00;0,00;0,00;0,00;0,00;0,00;0,00;
"LEANDRO GRASS";"20.606.6201.2173.0022 - APOIO À FEST FLOR BRASIL";"EMPRESA DE ASSIST. TÉC. E EXT. RURAL DO DF-EMATER";20.000,00;-20.000,00;0,00;0,00;0,00;0,00;0,00;0,00;
"CHICO VIGILANTE";"13.392.6219.9075.0130 - APOIO AO PROJETO CULTURAL REPENTE NA ESCOLA";"SECRETARIA DE EST. DE CULTURA E ECON. CRIAT. DO DF";200.000,00;0,00;0,00;0,00;200.000,00;0,00;0,00;0,00;
"HERMETO";"15.451.6217.4101.0064 - IMPLANTAÇÃO DE SINALIZAÇÃO NA REGIÃO ADMINISTRATIVA DO NÚCLEO BANDEIRANTES";"ADMINISTRAÇÃO REGIONAL DO  NÚCLEO BANDEIRANTE";150.000,00;-150.000,00;0,00;0,00;0,00;0,00;0,00;0,00;
"DANIEL DONIZET";"13.392.6219.4090.6129 - APOIO A EVENTOS CULTURAIS NO GAMA";"ADMINISTRAÇÃO REGIONAL DO GAMA";400.000,00;-400.000,00;0,00;0,00;0,00;0,00;0,00;0,00;
"VALDELINO BARCELOS";"12.365.6221.2388.4394 - AQUISIÇÃO DE PARQUES INFANTIS PARA ESCOLAS PÚBLICAS PARA PLANALTINA";"SECRETARIA DE ESTADO DE EDUCAÇÃO DO DF";1.020.000,00;-1.020.000,00;0,00;0,00;0,00;0,00;0,00;0,00;
"JÚLIA LUCY";"04.122.6203.2912.0004 - ESTUDOS E PESQUISAS SOCIOECONÔMICAS, URBANAS E AMBIENTAIS - DF E ENTORNO";"COMPANHIA DE PLANEJ. DO DISTRITO FEDERAL-CODEPLAN";300.000,00;-300.000,00;0,00;0,00;0,00;0,00;0,00;0,00;
"MARTINS MACHADO";"19.573.6207.9118.0005 - CAMPUS PARTY";"SEC. DE ESTADO DE DESENVOLVIMENTO ECONÔMICO DO DF";1.000.000,00;0,00;-1.000.000,00;0,00;0,00;0,00;0,00;0,00;
"CHICO VIGILANTE";"20.608.6201.9109.0006 - FORMAÇÃO DE AGENTES DE AGROECOLOGIA NOS ASSENTAMENTOS DE REFORMA AGRÁRIA";"SECRETARIA DE ESTADO DO MEIO AMBIENTE";450.000,00;-450.000,00;0,00;0,00;0,00;0,00;0,00;0,00;
"LEANDRO GRASS";"18.541.6210.9121.0002 - APOIO A PROJETOS AMBIENTAIS NO DISTRITO FEDERAL";"INSTITUTO DE MEIO AMBIENTE E REC. HÍDRICOS DO DF";600.000,00;-600.000,00;0,00;0,00;0,00;0,00;0,00;0,00;
"JOÃO CARDOSO";"18.542.6210.1999.0004 - FORTALECIMENTO E MODERNIZAÇÃO DA FISCALIZAÇÃO AMBIENTAL--DISTRITO FEDERAL";"INSTITUTO DE MEIO AMBIENTE E REC. HÍDRICOS DO DF";0,00;320.000,00;0,00;0,00;320.000,00;0,00;0,00;0,00;
"JOSÉ GOMES";"15.752.6209.8507.6484 - MANUTENÇÃO DO SISTEMA DE ILUMINAÇÃO PÚBLICA-MANUTENÇÃO DO SISTEMA DE ILUMINAÇÃO PÚBICA DAS REGIÕES ADMINISTRATIVAS DO DISTRITO FEDERAL - DF-DISTRITO FEDERAL";"SECRETARIA DE ESTADO DE OBRAS E INFRAEST. DO DF";1.500.000,00;-1.500.000,00;0,00;0,00;0,00;0,00;0,00;0,00;
"CHICO VIGILANTE";"25.752.6209.1836.7013 - AMPLIAÇÃO DOS PONTOS DE ILUMINAÇÃO PÚBLICA-MELHORIA E AMPLIAÇÃO DA ILUMINAÇÃO PÚBLICA DA SQN 312- PLANO PILOTO .";"SECRETARIA DE ESTADO DE OBRAS E INFRAEST. DO DF";500.000,00;-500.000,00;0,00;0,00;0,00;0,00;0,00;0,00;
"EDUARDO PEDROSA";"15.451.6206.3048.0022 - REFORMA DE ESPAÇOS ESPORTIVOS-REFORMA DE ESPAÇOS ESPORTIVOS, DESPORTIVOS E DE LAZER EM PROL DE TODA COMUNIDADE DO DF -DISTRITO FEDERAL";"COMPANHIA URB. DA NOVA CAPITAL DO BRASIL-NOVACAP";0,00;200.000,00;-200.000,00;0,00;0,00;0,00;0,00;0,00;
"EDUARDO PEDROSA";"15.451.6206.3048.0022 - REFORMA DE ESPAÇOS ESPORTIVOS-REFORMA DE ESPAÇOS ESPORTIVOS, DESPORTIVOS E DE LAZER EM PROL DE TODA COMUNIDADE DO DF -DISTRITO FEDERAL";"ADMINISTRAÇÃO REGIONAL DE SOBRADINHO II";0,00;0,00;200.000,00;0,00;200.000,00;0,00;0,00;0,00;
"ROBÉRIO NEGREIROS";"15.451.6209.1110.8119 - EXECUÇÃO DE OBRAS DE URBANIZAÇÃO NA RA IV EM 2020";"ADMINISTRAÇÃO REGIONAL DE  BRAZLANDIA";500.000,00;-500.000,00;0,00;0,00;0,00;0,00;0,00;0,00;
"JOÃO CARDOSO";"13.392.6219.4090.6134 - APOIO AOS EVENTOS: JORNADA DE PORTAS ABERTAS, SEMINÁRIO REDEMPTORIS MATER, HALLEL, REBANHÃO, PENTECOSTES, FOLIA DE REIS, VIAS SACRAS E XV ENCONTRO  NACIONAL DAS ACERVAS";"SECRETARIA DE EST. DE CULTURA E ECON. CRIAT. DO DF";300.000,00;-300.000,00;0,00;0,00;0,00;0,00;0,00;0,00;
"JOSÉ GOMES";"13.392.6219.9075.0119 - TRANSFERÊNCIA DE RECURSOS PARA REALIZAÇÃO DE EVENTOS CULTURAIS NO DISTRITO FEDERAL ? DF";"SECRETARIA DE EST. DE CULTURA E ECON. CRIAT. DO DF";500.000,00;-500.000,00;0,00;0,00;0,00;0,00;0,00;0,00;
"FÁBIO FÉLIX";"08.244.6228.9073.0008 - ACOLHIMENTO INSTITUCIONAL DE CRIANÇAS E ADOLESCENTES COM MEDIDAS PROTETIVAS";"SECRETARIA DE EST. DE DESENV. SOCIAL DO DF";600.000,00;-600.000,00;0,00;0,00;0,00;0,00;0,00;0,00;
"JOSÉ GOMES";"11.333.6207.2667.0010 - IMPLANTAÇÃO DO PROGRAMA DE APOIO A INCLUSÃO DA PESSOA COM DEFICIÊNCIA NO DISTRITO FEDERAL - DF";"SECRETARIA DE EST. DE DESENV. SOCIAL DO DF";300.000,00;0,00;-300.000,00;0,00;0,00;0,00;0,00;0,00;
"AGACIEL MAIA";"15.451.6209.1110.8144 - EXECUÇÃO DE OBRAS DE URBANIZAÇÃO E INFRAESTRUTURA NO RIACHO FUNDO I - H";"COMPANHIA URB. DA NOVA CAPITAL DO BRASIL-NOVACAP";0,00;0,00;500.000,00;0,00;500.000,00;0,00;0,00;0,00;
"AGACIEL MAIA";"15.451.6209.1110.8144 - EXECUÇÃO DE OBRAS DE URBANIZAÇÃO E INFRAESTRUTURA NO RIACHO FUNDO I - H";"ADMINISTRAÇÃO REGIONAL DO RIACHO FUNDO";500.000,00;0,00;-500.000,00;0,00;0,00;0,00;0,00;0,00;
"HERMETO";"04.122.8205.8517.0080 - MANUTENÇÃO DE SERVIÇOS ADMINISTRATIVOS GERAIS-ADMINISTRAÇÃO REGIONAL- CANDANGOLÂNDIA";"ADMINISTRAÇÃO REGIONAL DA CANDANGOLÂNDIA";110.000,00;-110.000,00;0,00;0,00;0,00;0,00;0,00;0,00;
"EDUARDO PEDROSA";"04.122.8205.8517.9832 - MANUTENÇÃO DE SERVIÇOS ADMINISTRATIVOS GERAIS DA ADMINISTRAÇÃO REGIONAL DO ITAPOÃ";"ADMINISTRAÇÃO REGIONAL DO ITAPOÃ";100.000,00;-100.000,00;0,00;0,00;0,00;0,00;0,00;0,00;
"EDUARDO PEDROSA";"04.122.8205.8517.9832 - MANUTENÇÃO DE SERVIÇOS ADMINISTRATIVOS GERAIS DA ADMINISTRAÇÃO REGIONAL DO ITAPOÃ";"ADMINISTRAÇÃO REGIONAL DO ITAPOÃ";100.000,00;-100.000,00;0,00;0,00;0,00;0,00;0,00;0,00;
"FERNANDO FERNANDES";"15.451.6209.1836.7008 - AMPLIAÇÃO DE PONTOS DE ILUMINAÇÃO PÚBLICA NA REGIÃO ADMINSTRATIVA DE CEILÂNDIA - DF.";"ADMINISTRAÇÃO REGIONAL DE CEILÂNDIA";500.000,00;-500.000,00;0,00;0,00;0,00;0,00;0,00;0,00;
"RODRIGO DELMASSO";"15.451.6209.1110.0322 - EXECUÇÃO DE OBRAS DE URBANIZAÇÃO-CONSTRUÇÃO E REFORMA DE CALÇADAS- GUARÁ";"COMPANHIA URB. DA NOVA CAPITAL DO BRASIL-NOVACAP";0,00;0,00;575.000,00;0,00;575.000,00;0,00;0,00;0,00;
"RODRIGO DELMASSO";"15.451.6209.1110.0322 - EXECUÇÃO DE OBRAS DE URBANIZAÇÃO-CONSTRUÇÃO E REFORMA DE CALÇADAS- GUARÁ";"ADMINISTRAÇÃO REGIONAL DO GUARÁ";0,00;575.000,00;-575.000,00;0,00;0,00;0,00;0,00;0,00;
"JOSÉ GOMES";"10.301.6202.3222.0011 - REFORMA DE UNIDADE BÁSICA DE SAÚDE - UBS - SÃO SEBASTIÃO - DF";"FUNDO DE SAÚDE DO DISTRITO FEDERAL";100.000,00;-100.000,00;0,00;0,00;0,00;0,00;0,00;0,00;
"RAFAEL PRUDENTE";"10.302.6202.3135.0039 - CONSTRUÇÃO DE UNIDADES BÁSICAS DE SAÚDE";"FUNDO DE SAÚDE DO DISTRITO FEDERAL";300.000,00;-300.000,00;0,00;0,00;0,00;0,00;0,00;0,00;
"JORGE VIANNA";"10.302.6202.3140.0010 - CONSTRUÇÃO DO HOSPITAL DE ESPECIALIDADES CIRÚRGICAS E CENTRO ONCOLÓGICO DE BRASÍLIA - PLANO PILOTO";"FUNDO DE SAÚDE DO DISTRITO FEDERAL";1.000.000,00;-1.000.000,00;0,00;0,00;0,00;0,00;0,00;0,00;
"EDUARDO PEDROSA";"10.302.6202.3467.9624 - AQUSIÇÃO DE EQUIPAMENTOS OFTALMOLÓGICOS - HOSPITAL MATERNO IFNATIL DE BRASÍLIA HMIB";"SECRETARIA DE ESTADO DE SAÚDE DO DISTRITO FEDERAL";0,00;0,00;100.000,00;0,00;100.000,00;0,00;0,00;0,00;
"EDUARDO PEDROSA";"10.302.6202.3467.9624 - AQUSIÇÃO DE EQUIPAMENTOS OFTALMOLÓGICOS - HOSPITAL MATERNO IFNATIL DE BRASÍLIA HMIB";"FUNDO DE SAÚDE DO DISTRITO FEDERAL";100.000,00;0,00;-100.000,00;0,00;0,00;0,00;0,00;0,00;
"ARLETE AVELAR SAMPAIO";"10.303.6202.4216.0027 - AQUISIÇÃO DE MEDICAMENTOS-ASSISTÊNCIA A SAÚDE PÚBLICA-DISTRITO FEDERAL";"FUNDO DE SAÚDE DO DISTRITO FEDERAL";0,00;500.000,00;-500.000,00;0,00;0,00;0,00;0,00;0,00;
"FERNANDO FERNANDES";"15.451.6209.1110.8156 - CONSTRUÇÃO DE PRAÇA NO CLUBE DE VIZINHANÇA DE BRASÍLIA";"COMPANHIA URB. DA NOVA CAPITAL DO BRASIL-NOVACAP";330.000,00;-330.000,00;0,00;0,00;0,00;0,00;0,00;0,00;
"AGACIEL MAIA";"15.812.6206.3048.9611 - REFORMA DE ESPAÇOS ESPORTIVOS EM TODO O DF - H";"COMPANHIA URB. DA NOVA CAPITAL DO BRASIL-NOVACAP";1.500.000,00;-1.500.000,00;0,00;0,00;0,00;0,00;0,00;0,00;
"HERMETO";"27.812.6206.3596.8551 - CONSTRUÇÃO DE CAMPO SINTÉTICO NAS REGIÕES ADMINISTRATIVAS DO DISTRITO FEDERAL";"COMPANHIA URB. DA NOVA CAPITAL DO BRASIL-NOVACAP";2.700.000,00;-2.700.000,00;0,00;0,00;0,00;0,00;0,00;0,00;
"ARLETE AVELAR SAMPAIO";"15.452.6209.3002.0023 - IMPLANTAÇÃO DE PAPA ENTULHO NO DF";"SERVIÇO DE LIMPEZA URBANA DO DISTRITO FEDERAL- SLU";330.000,00;-330.000,00;0,00;0,00;0,00;0,00;0,00;0,00;
"EDUARDO PEDROSA";"11.333.6207.9107.0049 - TRANSFERÊNCIA FINANCEIRA A ENTIDADES-APOIO A PROJETOS DE CAPACITAÇÃO DOS TRABALHADORES PARA EMPREENDEDORISMO E GERAÇÃO DE EMPREGO E RENDA -DISTRITO FEDERAL";"SECRETARIA DE EST. DE DESENV. SOCIAL DO DF";0,00;300.000,00;-300.000,00;0,00;0,00;0,00;0,00;0,00;
"REGINALDO SARDINHA";"11.334.6201.9107.0037 - APOIO A PROJETOS DE CAPACITAÇÃO E EMPREENDEDORISMO (EM 2020)";"SECRETARIA DE EST. DE DESENV. SOCIAL DO DF";75.000,00;0,00;-75.000,00;0,00;0,00;0,00;0,00;0,00;
"JÚLIA LUCY";"14.422.6211.3051.0010 - CONSTRUÇÃO DE EQUIPAMENTOS PÚBLICOS ESPECIALIZADOS DE ATENDIMENTO À MULHER-IMPLANTAÇÃO DA CASA DA MULHER EM CEILÂNDIA-DISTRITO FEDERAL";"SECRETARIA DE EST. DE DESENV. SOCIAL DO DF";0,00;450.000,00;-450.000,00;0,00;0,00;0,00;0,00;0,00;
"JÚLIA LUCY";"14.422.6211.3051.0010 - CONSTRUÇÃO DE EQUIPAMENTOS PÚBLICOS ESPECIALIZADOS DE ATENDIMENTO À MULHER-IMPLANTAÇÃO DA CASA DA MULHER EM CEILÂNDIA-DISTRITO FEDERAL";"SECRETARIA DE EST. DE DESENV. SOCIAL DO DF";0,00;54.636,00;-54.636,00;0,00;0,00;0,00;0,00;0,00;
"ROOSEVELT VILELA";"12.122.6221.4088.5830 - CAPACITAÇÃO DE PROFISSIONAIS DA EDUCAÇÃO EM NOÇÕES BÁSICAS DE PRIMEIROS SOCORROS, EM CUMPRIMENTO À LEI Nº 13722/2018";"SECRETARIA DE ESTADO DE EDUCAÇÃO DO DF";150.000,00;-150.000,00;0,00;0,00;0,00;0,00;0,00;0,00;
"PROF. REGINALDO VERAS";"12.365.6221.2388.4396 - AQUISIÇÃO DE PARQUES INFANTIS PARA AS ESCOLAS PÚBLICAS";"SECRETARIA DE ESTADO DE EDUCAÇÃO DO DF";500.000,00;-500.000,00;0,00;0,00;0,00;0,00;0,00;0,00;
"PROF. REGINALDO VERAS";"18.541.6210.3467.9621 - PROJETO - O ZOO DE BRASÍLIA E A CONSERVAÇÃO DAS SERPENTES NA ZONA RURAL";"FUNDAÇÃO JARDIM ZOOLÓGICO DE BRASÍLIA";30.000,00;-30.000,00;0,00;0,00;0,00;0,00;0,00;0,00;
"PROF. REGINALDO VERAS";"18.541.6210.3467.9621 - PROJETO - O ZOO DE BRASÍLIA E A CONSERVAÇÃO DAS SERPENTES NA ZONA RURAL";"FUNDAÇÃO JARDIM ZOOLÓGICO DE BRASÍLIA";180.000,00;-180.000,00;0,00;0,00;0,00;0,00;0,00;0,00;
"LEANDRO GRASS";"18.541.6210.4094.2259 - AMPLIAÇÃO DO PROGRAMA PARQUE EDUCADOR";"INSTITUTO DE MEIO AMBIENTE E REC. HÍDRICOS DO DF";150.000,00;-150.000,00;0,00;0,00;0,00;0,00;0,00;0,00;
"ROOSEVELT VILELA";"06.181.6217.2340.0003 - FORNECIMENTO DE LANCHE PARA O PROGRAMA BOMBEIRO MIRIM";"CORPO DE BOMB. MILITAR DO DISTRITO FEDERAL - CBMDF";1.300.000,00;-1.300.000,00;0,00;0,00;0,00;0,00;0,00;0,00;
"JOSÉ GOMES";"11.333.6207.2667.0014 - PROMOÇÃO DE AÇÕES DE QUALIFICAÇÃO SOCIAL PARA PESSOAS VULNERÁVEIS-IMPLANTAÇÃO DO PROGRAMA DE APOIO A INCLUSÃO DA PESSOA COM DEFICIÊNCIA NO DISTRITO FEDERAL - DF-DISTRITO FEDERAL";"SECR. DE ESTADO DE TRABALHO DO DISTRITO FEDERAL";0,00;-300.000,00;300.000,00;0,00;0,00;0,00;0,00;0,00;
"RODRIGO DELMASSO";"27.811.6206.9080.0047 - COPA BRASÍLIA DE HIPISMO BRASÍLIA 60 ANOS";"SECRETARIA DE ESTADO DE ESPORTE E LAZER DO DF";350.000,00;-350.000,00;0,00;0,00;0,00;0,00;0,00;0,00;
"MARTINS MACHADO";"19.573.6207.9118.0017 - TRANSFERÊNCIA DE RECURSOS PARA DIFUSÃO CIENTÍFICA E TECNOLÓGICA-CAMPUS PARTY-DISTRITO FEDERAL";"SECRETARIA DE ESTADO DE CIÊNCIA, TECNOLOGIA E INOV";0,00;-999.999,00;1.000.000,00;-1,00;0,00;0,00;0,00;0,00;
"AGACIEL MAIA";"15.451.6209.1110.8118 - EXECUÇÃO DE OBRAS DE URBANIZAÇÃO E INFRAESTRUTURA EM TAGUATINGA - H";"ADMINISTRAÇÃO REGIONAL DE TAGUATINGA";1.804.600,00;-1.804.600,00;0,00;0,00;0,00;0,00;0,00;0,00;
"JOÃO CARDOSO";"27.812.6206.2024.5834 - APOIO AO DESPORTO E LAZER";"ADMINISTRAÇÃO REGIONAL DE SOBRADINHO";20.000,00;-19.999,00;0,00;0,00;1,00;0,00;0,00;0,00;
"JOÃO CARDOSO";"27.812.6206.2024.5834 - APOIO AO DESPORTO E LAZER";"ADMINISTRAÇÃO REGIONAL DE SOBRADINHO";10.000,00;-9.999,00;0,00;0,00;1,00;0,00;0,00;0,00;
"JOÃO CARDOSO";"27.812.6206.2024.5834 - APOIO AO DESPORTO E LAZER";"ADMINISTRAÇÃO REGIONAL DE SOBRADINHO";20.000,00;-19.999,00;0,00;0,00;1,00;0,00;0,00;0,00;
"JOÃO CARDOSO";"27.812.6206.2024.5834 - APOIO AO DESPORTO E LAZER";"ADMINISTRAÇÃO REGIONAL DE SOBRADINHO";20.000,00;0,00;0,00;-19.999,00;1,00;0,00;0,00;0,00;
"FERNANDO FERNANDES";"15.451.6209.1110.8133 - CONSTRUÇÃO DE ESTACIONAMENTOS";"ADMINISTRAÇÃO REGIONAL DE CEILÂNDIA";800.000,00;-800.000,00;0,00;0,00;0,00;0,00;0,00;0,00;
"ROBÉRIO NEGREIROS";"15.451.6209.1110.8143 - EXECUÇÃO DE OBRAS DE URBANIZAÇÃO NA RA XIV EM 2020";"ADMINISTRAÇÃO REGIONAL DE SÃO SEBASTIÃO";500.000,00;-500.000,00;0,00;0,00;0,00;0,00;0,00;0,00;
"EDUARDO PEDROSA";"04.421.6217.2426.8558 - FORTALECIMENTO DAS AÇÕES DE APOIO AO INTERNO E SUA FAMÍLIA-FUNAP/ITAPOÃ";"ADMINISTRAÇÃO REGIONAL DO ITAPOÃ";200.000,00;-200.000,00;0,00;0,00;0,00;0,00;0,00;0,00;
"JÚLIA LUCY";"20.122.8201.3903.9828 - REFORMA DE PRÉDIOS E PRÓPRIOS-REFORMA DE PRÉDIOS E PRÓPRIOS - REFORMA DE PRÉDIOS E PRÓPRIOS - EMATER/DF - NÚCLEO RURAL SÃO JOSÉ - PLANALTINA DF- PLANALTINA";"EMPRESA DE ASSIST. TÉC. E EXT. RURAL DO DF-EMATER";400.000,00;-400.000,00;0,00;0,00;0,00;0,00;0,00;0,00;
"JOÃO CARDOSO";"15.451.6206.3048.9609 - REFORMA DE ESPAÇOS ESPORTIVOS NO DISTRITO FEDERAL";"COMPANHIA URB. DA NOVA CAPITAL DO BRASIL-NOVACAP";200.000,00;-200.000,00;0,00;0,00;0,00;0,00;0,00;0,00;
"CHICO VIGILANTE";"13.392.6219.9075.0135 - APOIO AO PROJETO CULTURAL ENCONTRO DE TEATRO LAMBE-LAMBE";"SECRETARIA DE EST. DE CULTURA E ECON. CRIAT. DO DF";200.000,00;-200.000,00;0,00;0,00;0,00;0,00;0,00;0,00;
"IOLANDO ALMEIDA";"13.392.6219.9075.0150 - TRANSFERÊNCIA DE RECURSOS PARA PROJETOS CULTURAIS- PESSOA COM DEFICIÊNCIA-DISTRITO FEDERAL";"SECRETARIA DE EST. DE CULTURA E ECON. CRIAT. DO DF";0,00;500.000,00;0,00;-500.000,00;0,00;0,00;0,00;0,00;
"FÁBIO FÉLIX";"11.333.6207.9122.0001 - ENCONTRO NACIONAL DE MULHERES RURAIS NA ECONOMIA SOLIDÁRIA";"SECRETARIA DE EST. DE DESENV. SOCIAL DO DF";100.000,00;0,00;-100.000,00;0,00;0,00;0,00;0,00;0,00;
"ARLETE AVELAR SAMPAIO";"12.365.6221.9069.0004 - AUXÍLIO FINANCEIRO À CASA ISMAEL";"SECRETARIA DE ESTADO DE EDUCAÇÃO DO DF";150.000,00;-150.000,00;0,00;0,00;0,00;0,00;0,00;0,00;
"ARLETE AVELAR SAMPAIO";"04.122.6211.3711.6202 - REALIZAÇÃO DE PESQUISAS SOBRE POPULAÇÃO EM SITUAÇÃO DE RUA";"COMPANHIA DE PLANEJ. DO DISTRITO FEDERAL-CODEPLAN";570.000,00;-570.000,00;0,00;0,00;0,00;0,00;0,00;0,00;
"EDUARDO PEDROSA";"11.333.6201.9107.0038 - APOIO A PROJETOS DE CAPACITAÇÃO E EMPREENDEDORISMO EM PROL DAS MULHERES DO DF";"SEC. DE ESTADO DE DESENVOLVIMENTO ECONÔMICO DO DF";500.000,00;-500.000,00;0,00;0,00;0,00;0,00;0,00;0,00;
"EDUARDO PEDROSA";"14.243.6228.9071.0010 - ASSISTÊNCIA EM PROL DAS CRIANÇAS E ADOLESCENTES DE TODO DF";"SEC. DE ESTADO DE DESENVOLVIMENTO ECONÔMICO DO DF";1.200.000,00;-1.200.000,00;0,00;0,00;0,00;0,00;0,00;0,00;
"LEANDRO GRASS";"19.573.6207.9118.0004 - IMPLANTAÇÃO DE LABORATÓRIOS INCLUDE NO DISTRITO FEDERAL";"SEC. DE ESTADO DE DESENVOLVIMENTO ECONÔMICO DO DF";130.000,00;0,00;-130.000,00;0,00;0,00;0,00;0,00;0,00;
"JÚLIA LUCY";"15.752.6209.1836.7015 - AMPLIAÇÃO DOS PONTOS DE ILUMINAÇÃO PÚBLICA-AMPLIAÇÃO DOS PONTOS DE ILUMINAÇÃO PÚBLICA- ÁGUAS CLARAS";"SECRETARIA DE ESTADO DE OBRAS E INFRAEST. DO DF";500.000,00;-500.000,00;0,00;0,00;0,00;0,00;0,00;0,00;
"RODRIGO DELMASSO";"20.606.6211.9087.0007 - PROJETO JOVEM PROTAGONISTA";"SECRETARIA DE AGRIC. ABASTECIMENTO E DESENV RURAL";268.966,00;-268.966,00;0,00;0,00;0,00;0,00;0,00;0,00;
"ARLETE AVELAR SAMPAIO";"20.845.6201.9107.0031 - APOIO AO PROJETO HORTAS URBANAS";"SECRETARIA DE AGRIC. ABASTECIMENTO E DESENV RURAL";100.000,00;-100.000,00;0,00;0,00;0,00;0,00;0,00;0,00;
"RAFAEL PRUDENTE";"12.122.8221.1984.9865 - CONSTRUÇÃO DO MUSEU DA EDUCAÇÃO";"COMPANHIA URB. DA NOVA CAPITAL DO BRASIL-NOVACAP";500.000,00;-500.000,00;0,00;0,00;0,00;0,00;0,00;0,00;
"JORGE VIANNA";"10.122.6202.1968.3223 - ELABORAÇÃO DE PROJETO PARA REFORMA E AMPLIAÇÃO DO HOSPITAL REGIONAL DE SAMAMBAIA  - HRSM - SES - 2020";"FUNDO DE SAÚDE DO DISTRITO FEDERAL";300.000,00;-300.000,00;0,00;0,00;0,00;0,00;0,00;0,00;
"RAFAEL PRUDENTE";"10.122.6202.4166.0014 - PLANEJAMENTO E GESTÃO DA ATENÇÃO ESPECIALIZADA-MANUTENÇÃO DO COMPLEXO REGULADOR DA SAÚDE - CRDF/SES (PDPA) -DISTRITO FEDERAL";"FUNDO DE SAÚDE DO DISTRITO FEDERAL";0,00;50.000,00;-50.000,00;0,00;0,00;0,00;0,00;0,00;
"RAFAEL PRUDENTE";"10.122.6202.4166.0014 - PLANEJAMENTO E GESTÃO DA ATENÇÃO ESPECIALIZADA-MANUTENÇÃO DO COMPLEXO REGULADOR DA SAÚDE - CRDF/SES (PDPA) -DISTRITO FEDERAL";"SECRETARIA DE ESTADO DE SAÚDE DO DISTRITO FEDERAL";0,00;0,00;50.000,00;0,00;50.000,00;0,00;0,00;0,00;
"CLÁUDIO ABRANTES";"20.606.6201.4119.2902 - MANUTENÇÃO DA INFRAESTRUTURA DO SETOR AGROPECUÁRIO - TUBULAÇÃO DE CANAIS DE IRRIGAÇÃO DO NÚCLEO RURAL DE TABATINGA";"EMPRESA DE ASSIST. TÉC. E EXT. RURAL DO DF-EMATER";427.000,00;0,00;-427.000,00;0,00;0,00;0,00;0,00;0,00;
"LEANDRO GRASS";"08.244.6228.9071.0009 - APOIO A PROJETOS DE ASSISTÊNCIA SOCIAL NO DISTRITO FEDERAL";"SECRETARIA DE EST. DE DESENV. SOCIAL DO DF";1.056.000,00;-1.056.000,00;0,00;0,00;0,00;0,00;0,00;0,00;
"LEANDRO GRASS";"14.122.8211.3467.9620 - AQUISIÇÃO DE EQUIPAMENTOS PARA UNIDADES SOCIOASSISTENCIAIS PÚBLICOS DO DISTRITO FEDERAL";"SECRETARIA DE EST. DE DESENV. SOCIAL DO DF";906.000,00;-900.000,00;-6.000,00;0,00;0,00;0,00;0,00;0,00;
"JÚLIA LUCY";"14.422.6211.3051.0001 - IMPLANTAÇÃO DA CASA DA MULHER EM CEILÂNDIA";"SECRETARIA DE EST. DE DESENV. SOCIAL DO DF";504.636,00;-504.636,00;0,00;0,00;0,00;0,00;0,00;0,00;
"EDUARDO PEDROSA";"18.541.6210.3216.0003 - IMPLANTAÇÃO DO ZONEAMENTO ECOLÓGICO ECONÔMICO DO ITAPOÃ";"SECRETARIA DE ESTADO DO MEIO AMBIENTE";100.000,00;0,00;0,00;0,00;100.000,00;0,00;0,00;0,00;
"RODRIGO DELMASSO";"15.752.6209.8507.6482 - MANUTENÇÃO DO SISTEMA DE ILUMINAÇÃO PÚBLICA-MODERNIZAÇÃO E EFICIENTIZAÇÃO DA ILUMINAÇÃO PÚBLICA DO GUARÁ II- GUARÁ";"SECRETARIA DE ESTADO DE OBRAS E INFRAEST. DO DF";1.000.000,00;-1.000.000,00;0,00;0,00;0,00;0,00;0,00;0,00;
"ARLETE AVELAR SAMPAIO";"10.301.6202.3135.0035 - CONSTRUÇÃO DE UNIDADE BÁSICA DE SAÚDE NA REGIÃO ADMINISTRATIVA DE SÃO SEBASTIÃO";"FUNDO DE SAÚDE DO DISTRITO FEDERAL";100.000,00;0,00;0,00;0,00;100.000,00;0,00;0,00;0,00;
"MARTINS MACHADO";"10.302.6202.3759.0004 - EQUIPAGEM E MOBILIA UNIDADE PRONTO ATENDIMENTO - UPAS -";"FUNDO DE SAÚDE DO DISTRITO FEDERAL";1.000.000,00;-1.000.000,00;0,00;0,00;0,00;0,00;0,00;0,00;
"JÚLIA LUCY";"11.333.6207.9107.0054 - TRANSFERÊNCIA FINANCEIRA A ENTIDADES-TRANSFERÊNCIA PARA CAPACITAÇÃO DE JOVENS E ADULTOS-DISTRITO FEDERAL";"SECR. DE ESTADO DE TRABALHO DO DISTRITO FEDERAL";0,00;-300.000,00;300.000,00;0,00;0,00;0,00;0,00;0,00;
"CLÁUDIO ABRANTES";"15.451.6209.1110.8161 - PAVIMENTAÇÃO ASFÁLTICA NO CÓRREGO DO ARROZAL";"COMPANHIA URB. DA NOVA CAPITAL DO BRASIL-NOVACAP";1.000.000,00;-1.000.000,00;0,00;0,00;0,00;0,00;0,00;0,00;
"JOSÉ GOMES";"26.782.6216.3128.0004 - IMPLANTAÇÃO DO PROJETO MAIS ACESSÍVEL ? TCB - DISTRITO FEDERAL - DF";"SOCIED. DE TRANSP. COLETIVOS DE BRASILIA - TCB";100.000,00;-100.000,00;0,00;0,00;0,00;0,00;0,00;0,00;
"DANIEL DONIZET";"23.695.6207.9085.0018 - APOIO À REALIZAÇÃO DE EVENTOS DE PROMOÇÃO DO TURISMO NO DISTRITO FEDERAL";"SECRETARIA DE EST. DE TURISMO DO DISTRITO FEDERAL";300.000,00;-300.000,00;0,00;0,00;0,00;0,00;0,00;0,00;
"MARTINS MACHADO";"19.573.6207.9118.0016 - TRANSFERÊNCIA DE RECURSOS PARA DIFUSÃO CIENTÍFICA E TECNOLÓGICA-TRANSFERÊNCIA FINANCEIRA ENTIDADES - INOVAÇÃO-DISTRITO FEDERAL";"SECRETARIA DE ESTADO DE CIÊNCIA, TECNOLOGIA E INOV";0,00;-600.000,00;600.000,00;0,00;0,00;0,00;0,00;0,00;
"FERNANDO FERNANDES";"14.422.6211.9078.0027 - TRANSFERÊNCIA ÀS INSTITUIÇÕES DE ASSISTÊNCIA ÀS CRIANÇAS E AOS ADOLESCENTES-TRANSFERÊNCIA ÀS INSTITUIÇÕES DE ASSISTÊNCIA A CRIANÇAS E JOVENS EM SITUAÇÕES DE VULNERABILIDADE SOCIAL. -DISTRITO FEDERAL";"SECRETARIA DE EST. DE JUSTIÇA E CIDADANIA DO DF";300.000,00;-300.000,00;0,00;0,00;0,00;0,00;0,00;0,00;
"RODRIGO DELMASSO";"04.124.6203.4093.0005 - PROJETO DE OLHO NA EDUCAÇÃO";"CONTROLADORIA GERAL DO DISTRITO FEDERAL";150.000,00;-150.000,00;0,00;0,00;0,00;0,00;0,00;0,00;
"RAFAEL PRUDENTE";"03.061.8211.2422.9648 - CONCESSÃO DE BOLSA ESTÁGIO - DEFENSORIA PÚBLICA DO DF";"DEFENSORIA PÚBLICA DO DISTRITO FEDERAL";200.000,00;-200.000,00;0,00;0,00;0,00;0,00;0,00;0,00;
"AGACIEL MAIA";"15.451.6209.1110.8120 - EXECUÇÃO DE OBRAS DE URBANIZAÇÃO E INFRAESTRUTURA EM SOBRADINHO - H";"ADMINISTRAÇÃO REGIONAL DE SOBRADINHO";500.000,00;0,00;0,00;-500.000,00;0,00;0,00;0,00;0,00;
"RODRIGO DELMASSO";"06.181.6217.4031.0026 - MONITORAMENTO POR CÂMERA DE VÍDEO-IMPLANTAÇÃO DO PROJTO DE VIDEOMONITORAMENTO NO GUARÁ- GUARÁ";"ADMINISTRAÇÃO REGIONAL DO GUARÁ";0,00;700.000,00;-700.000,00;0,00;0,00;0,00;0,00;0,00;
"JÚLIA LUCY";"14.243.6211.9078.0028 - TRANSFERÊNCIA DE RECURSOS PARA PROJETOS";"SECRETARIA DE EST. DE JUSTIÇA E CIDADANIA DO DF";80.000,00;-80.000,00;0,00;0,00;0,00;0,00;0,00;0,00;
"RODRIGO DELMASSO";"14.573.6207.9118.0019 - TRANSFERÊNCIA DE RECURSOS PARA DIFUSÃO CIENTÍFICA E TECNOLÓGICA-APOIO AO PROJETO APRENDA MAIS -DISTRITO FEDERAL";"SECRETARIA DE ESTADO DA JUVENTUDE DO DF";0,00;3.000.000,00;-3.000.000,00;0,00;0,00;0,00;0,00;0,00;
"DANIEL DONIZET";"10.303.6202.4216.0026 - AQUISIÇÃO DE MEDICAMENTOS-AQUISIÇÃO DE MEDICAMENTOS - COVID 19 - SES -DISTRITO FEDERAL";"FUNDO DE SAÚDE DO DISTRITO FEDERAL";0,00;200.000,00;-200.000,00;0,00;0,00;0,00;0,00;0,00;
"RAFAEL PRUDENTE";"15.451.6208.1110.8182 - EXECUÇÃO DE OBRAS DE URBANIZAÇÃO - MELHORIAS HABITACIONAIS NAS REG. ADM. DO DF";"COMPANHIA DE DESENV. DA HABITAÇÃO  DO DF - CODHAB";1.000.000,00;-1.000.000,00;0,00;0,00;0,00;0,00;0,00;0,00;
"MARTINS MACHADO";"27.812.6206.2631.0010 - APOIO AO COMPETE BRASÍLIA";"SECRETARIA DE ESTADO DE ESPORTE E LAZER DO DF";1.000.000,00;-1.000.000,00;0,00;0,00;0,00;0,00;0,00;0,00;
"LEANDRO GRASS";"10.301.6202.3222.0012 - REFORMA DE UNIDADES DA REDE PÚBLICA DE SAÚDE - UNIDADES BÁSICAS DE SAÚDE DO DISTRITO FEDERAL";"FUNDO DE SAÚDE DO DISTRITO FEDERAL";234.000,00;-234.000,00;0,00;0,00;0,00;0,00;0,00;0,00;
"REGINALDO SARDINHA";"10.302.6202.2145.2554 - ESTRUTURAÇÃO DO INSTITUTO DE CARDIOLOGIA DO DISTRITO FEDERAL - ICDF (EM 2020)";"FUNDO DE SAÚDE DO DISTRITO FEDERAL";200.000,00;-200.000,00;0,00;0,00;0,00;0,00;0,00;0,00;
"EDUARDO PEDROSA";"15.122.6206.3048.0025 - REFORMA DE ESPAÇOS ESPORTIVOS-REFORMA DE ESPAÇOS ESPORTIVOS NO RECANTO DAS EMAS- RECANTO DAS EMAS";"SECRETARIA DE ESTADO DE OBRAS E INFRAEST. DO DF";0,00;50.000,00;0,00;0,00;50.000,00;0,00;0,00;0,00;
"CHICO VIGILANTE";"25.752.6209.1836.7023 - AMPLIAÇÃO DOS PONTOS DE ILUMINAÇÃO PÚBLICA-MELHORIA E AMPLIAÇÃO DE PONTOS DE ILUMINAÇÃO PÚBLICA NO DISTRITO FEDERAL-DISTRITO FEDERAL";"SECRETARIA DE ESTADO DE OBRAS E INFRAEST. DO DF";1.284.636,00;-1.284.636,00;0,00;0,00;0,00;0,00;0,00;0,00;
"JAQUELINE SILVA";"15.812.6206.3048.9604 - REFORMA DE QUADRAS DE ESPORTE NA REGIÃO ADMINISTRATIVA DE SANTA MARIA-RA XIII";"COMPANHIA URB. DA NOVA CAPITAL DO BRASIL-NOVACAP";190.000,00;-190.000,00;0,00;0,00;0,00;0,00;0,00;0,00;
"MARTINS MACHADO";"27.812.6206.3596.8552 - IMPLANTAÇÃO DE CAMPO DE GRAMA SINTÉTICA NO DISTRITO FEDERAL";"COMPANHIA URB. DA NOVA CAPITAL DO BRASIL-NOVACAP";1.500.000,00;-1.500.000,00;0,00;0,00;0,00;0,00;0,00;0,00;
"JORGE VIANNA";"15.452.6209.3002.0018 - IMPLANTAÇÃO DE PONTOS DE ENTREGA VOLUNTÁRIA - PEV - SAMAMBAIA";"SERVIÇO DE LIMPEZA URBANA DO DISTRITO FEDERAL- SLU";600.000,00;-600.000,00;0,00;0,00;0,00;0,00;0,00;0,00;
"PROF. REGINALDO VERAS";"10.122.6202.4166.0019 - PLANEJAMENTO E GESTÃO DA ATENÇÃO ESPECIALIZADA-PROGRAMA DE DESCENTRALIZAÇÃO PROGRESSIVA DAS AÇÕES DE SAÚDE - PDPAS - HOSPITAL DE CEILÂNDIA-DISTRITO FEDERAL";"FUNDO DE SAÚDE DO DISTRITO FEDERAL";0,00;400.000,00;-400.000,00;0,00;0,00;0,00;0,00;0,00;
"CHICO VIGILANTE";"25.752.6209.1836.7010 - IMPLANTAÇÃO DE REDE DE ILUMINAÇÃO PUBLICA NO BAIRRO DE SÃO BARTOLOMEU EM SÃO SEBASTIÃO - IFB";"ADMINISTRAÇÃO REGIONAL DE SÃO SEBASTIÃO";380.000,00;-380.000,00;0,00;0,00;0,00;0,00;0,00;0,00;
"AGACIEL MAIA";"15.451.6209.1110.8138 - EXECUÇÃO DE OBRAS DE URBANIZAÇÃO  E INFRAESTRUTURA EM SANTA MARIA - H";"ADMINISTRAÇÃO REGIONAL DE SANTA MARIA";500.000,00;-500.000,00;0,00;0,00;0,00;0,00;0,00;0,00;
"CLÁUDIO ABRANTES";"20.306.6201.4115.0005 - APOIO ÀS COMPRAS DIRETAS DA PRODUÇÃO AGROPECUÁRIA - FOMENTO A COMERCIALIZAÇÃO DE PRODUTOS DA AGRICULTURA FAMILIAR E PROMOÇÃO DA SEGURANÇA ALIMENTAR E NUTRICIONAL DE INDIVÍDUOS EM SITUAÇÃO DE VULNERABILIDADE SOCIAL.";"SECRETARIA DE AGRIC. ABASTECIMENTO E DESENV RURAL";200.000,00;-200.000,00;0,00;0,00;0,00;0,00;0,00;0,00;
"HERMETO";"15.451.6209.1110.8145 - EXECUÇÃO DE OBRAS DE URBANIZAÇÃO - CALÇADAS COM ACESSIBILIDADE NA REGIÃO ADMINISTRATIVA DA CANDANGOLÂNDIA";"ADMINISTRAÇÃO REGIONAL DA CANDANGOLÂNDIA";200.000,00;-200.000,00;0,00;0,00;0,00;0,00;0,00;0,00;
"JOÃO CARDOSO";"04.122.6207.4036.0023 - MANUTENÇÃO DE FEIRAS NA REGIÃO ADMINISTRATIVA DE SOBRADINHO II";"ADMINISTRAÇÃO REGIONAL DE SOBRADINHO II";40.000,00;-40.000,00;0,00;0,00;0,00;0,00;0,00;0,00;
"JÚLIA LUCY";"13.392.6219.2590.0003 - FOMENTO À CULTURA LOCAL POR MEIO DO DISTRITO CRIATIVO";"SECRETARIA DE EST. DE CULTURA E ECON. CRIAT. DO DF";200.000,00;-200.000,00;0,00;0,00;0,00;0,00;0,00;0,00;
"RAFAEL PRUDENTE";"13.392.6219.4090.6133 - APOIO A EVENTOS NAS REG. ADM. DO DF";"SECRETARIA DE EST. DE CULTURA E ECON. CRIAT. DO DF";150.000,00;-150.000,00;0,00;0,00;0,00;0,00;0,00;0,00;
"RODRIGO DELMASSO";"15.752.6209.8507.0025 - MANUTENÇÃO DO SISTEMA DE ILUMINAÇÃO PÚBLICA-MODERNIZAÇÃO E EFICIENTIZAÇÃO DA ILUMINAÇÃO PÚBLICA- GUARÁ";"ADMINISTRAÇÃO REGIONAL DO GUARÁ";0,00;1.000.000,00;-1.000.000,00;0,00;0,00;0,00;0,00;0,00;
"ARLETE AVELAR SAMPAIO";"10.301.6202.9107.0029 - APOIO AO PROJETO ""IMPLEMENTAÇÃO DE TERRITÓRIO SAUDÁVEL E SUSTENTÁVEL NA ESTRUTURAL""";"ADMINISTRAÇÃO REGIONAL  SETOR COMPL. IND. E ABAST.";250.000,00;-250.000,00;0,00;0,00;0,00;0,00;0,00;0,00;
"DANIEL DONIZET";"15.451.8205.3903.9824 - REFORMA DE PRÉDIOS E PRÓPRIOS - ADMINISTRAÇÃO REGIONAL - GAMA";"ADMINISTRAÇÃO REGIONAL DO GAMA";100.000,00;-100.000,00;0,00;0,00;0,00;0,00;0,00;0,00;
"JOÃO CARDOSO";"13.392.6219.4090.6130 - APOIO À EVENTOS CULTURAIS NA REGIÃO ADMINISTRATIVA DE SOBRADINHO/DF";"ADMINISTRAÇÃO REGIONAL DE SOBRADINHO";100.000,00;-100.000,00;0,00;0,00;0,00;0,00;0,00;0,00;
"ROOSEVELT VILELA";"25.752.6209.1836.7003 - MELHORIA E AMPLIAÇÃO DA REDE DE ILUMINAÇÃO PÚBLICA NO SETOR HOTELEIRO SUL E NORTE DE BRASÍLIA";"ADMINISTRAÇÃO REGIONAL DO PLANO PILOTO";700.000,00;-700.000,00;0,00;0,00;0,00;0,00;0,00;0,00;
"PROF. REGINALDO VERAS";"26.451.6216.1347.9495 - CONSTRUÇÃO DE PASSARELA-CONSTRUÇÃO DE PASSARELA DE PEDESTRES SOBRE A LINHA METROVIÁRIA - ESTAÇÃO ESTRADA PARQUE- ÁGUAS CLARAS";"COMPANHIA DO METROPOLITANO DO DF - METRÔ-DF";400.000,00;-400.000,00;0,00;0,00;0,00;0,00;0,00;0,00;
"PROF. REGINALDO VERAS";"15.127.6208.4011.0018 - REGULARIZAÇÃO DE ÁREAS DE INTERESSE SOCIAL";"COMPANHIA DE DESENV. DA HABITAÇÃO  DO DF - CODHAB";400.000,00;-400.000,00;0,00;0,00;0,00;0,00;0,00;0,00;
"RODRIGO DELMASSO";"14.243.6211.4091.5920 - PROJETO DROGAS: PREVENÇÃO E AÇÃO (OCA)";"SECRETARIA DE EST. DE JUSTIÇA E CIDADANIA DO DF";165.670,00;-165.670,00;0,00;0,00;0,00;0,00;0,00;0,00;
"RODRIGO DELMASSO";"14.243.6211.9078.0023 - PROJETO SUICÍDIO NÃO É A SOLUÇÃO (OCA)";"SECRETARIA DE EST. DE JUSTIÇA E CIDADANIA DO DF";300.000,00;-300.000,00;0,00;0,00;0,00;0,00;0,00;0,00;
"RODRIGO DELMASSO";"14.243.6211.9078.0036 - APOIO À AMPLIAÇÃO DO PROJETO CENTROS DA JUVENTUDE"" (OCA)""";"SECRETARIA DE ESTADO DA JUVENTUDE DO DF";0,00;600.000,00;-600.000,00;0,00;0,00;0,00;0,00;0,00;
"LEANDRO GRASS";"10.302.6202.3467.9628 - AQUISIÇÃO DE EQUIPAMENTOS PARA A REDE PÚBLICA DE SAÚDE DO DISTRITO FEDERAL";"FUNDO DE SAÚDE DO DISTRITO FEDERAL";249.000,00;-249.000,00;0,00;0,00;0,00;0,00;0,00;0,00;
"JORGE VIANNA";"10.302.6202.4215.0002 - AQUISIÇÃO DE EQUIPAMENTOS PARA UNIDADES DE FARMÁCIA DA SES-DF 2020";"FUNDO DE SAÚDE DO DISTRITO FEDERAL";500.000,00;-500.000,00;0,00;0,00;0,00;0,00;0,00;0,00;
"DANIEL DONIZET";"10.302.6202.9107.0064 - TRANSFERÊNCIA FINANCEIRA A ENTIDADES-CONSTRUÇÃO DE NOVAS UNIDADES DE PRONTO ATENDIMENTO - UPA DO GAMA- GAMA";"FUNDO DE SAÚDE DO DISTRITO FEDERAL";0,00;1.000.000,00;0,00;0,00;1.000.000,00;0,00;0,00;0,00;
"VALDELINO BARCELOS";"06.181.6217.4031.0018 - INVESTIMENTO PARA O PROJETO DE VIDEOMONITORAMENTO NO SIA";"SECRETARIA DE EST. DE  SEGURANÇA PÚBLICA DO DF";500.000,00;-500.000,00;0,00;0,00;0,00;0,00;0,00;0,00;
"RAFAEL PRUDENTE";"15.451.6206.1079.0018 - CONSTRUÇÃO DE ESPAÇOS ESPORTIVOS NAS REG. ADM. DO DF";"COMPANHIA URB. DA NOVA CAPITAL DO BRASIL-NOVACAP";1.100.000,00;-865.820,00;-234.180,00;0,00;0,00;0,00;0,00;0,00;
"CHICO VIGILANTE";"15.451.6206.3902.9544 - REFORMA DE PARQUES INFANTIS NAS PRAÇAS DO RIACHO FUNDO II";"COMPANHIA URB. DA NOVA CAPITAL DO BRASIL-NOVACAP";300.000,00;-300.000,00;0,00;0,00;0,00;0,00;0,00;0,00;
"VALDELINO BARCELOS";"10.122.6202.4166.0010 - PLANEJAMENTO E GESTÃO DA ATENÇÃO ESPECIALIZADA-AQUISIÇÃO DE MEDICAMENTOS  - COVID-19 - SES-DISTRITO FEDERAL";"FUNDO DE SAÚDE DO DISTRITO FEDERAL";0,00;2.000.000,00;-2.000.000,00;0,00;0,00;0,00;0,00;0,00;
"VALDELINO BARCELOS";"10.122.6202.4166.0010 - PLANEJAMENTO E GESTÃO DA ATENÇÃO ESPECIALIZADA-AQUISIÇÃO DE MEDICAMENTOS  - COVID-19 - SES-DISTRITO FEDERAL";"SECRETARIA DE ESTADO DE SAÚDE DO DISTRITO FEDERAL";0,00;0,00;2.000.000,00;0,00;2.000.000,00;0,00;0,00;0,00;
"ROOSEVELT VILELA";"18.122.8210.1471.5903 - MODERNIZAÇÃO DOS EQUIPAMENTOS DO HOSPITAL VETERINÁRIO DO ZOOLÓGICO DE BRASÍLIA";"FUNDAÇÃO JARDIM ZOOLÓGICO DE BRASÍLIA";100.000,00;-100.000,00;0,00;0,00;0,00;0,00;0,00;0,00;
"DANIEL DONIZET";"18.542.6210.2535.0003 - MONITORAMENTO DE FAUNA SILVESTRE";"INSTITUTO DE MEIO AMBIENTE E REC. HÍDRICOS DO DF";300.000,00;-300.000,00;0,00;0,00;0,00;0,00;0,00;0,00;
"JAQUELINE SILVA";"15.812.6206.1079.0012 - CONSTRUÇÃO DE ESPAÇOS ESPORTIVOS-CONSTRUÇÃO DE ESPAÇOS ESPORTIVOS NA REGIÃO ADMINISTRATIVA DE SANTA MARIA-RA XIII- SANTA MARIA";"SECRETARIA DE ESTADO DE OBRAS E INFRAEST. DO DF";250.000,00;-250.000,00;0,00;0,00;0,00;0,00;0,00;0,00;
"RAFAEL PRUDENTE";"12.362.6221.3272.9339 - CONSTRUÇÃO DE UNIDADES DO ENSINO MÉDIO NAS REG. ADM. DO DF";"SECRETARIA DE ESTADO DE EDUCAÇÃO DO DF";500.000,00;-500.000,00;0,00;0,00;0,00;0,00;0,00;0,00;
"IOLANDO ALMEIDA";"12.365.6221.3632.0006 - IMPLANTAÇÃO DO PROGRAMA SÓ RISO IA";"SECRETARIA DE ESTADO DE EDUCAÇÃO DO DF";200.000,00;-200.000,00;0,00;0,00;0,00;0,00;0,00;0,00;
"EDUARDO PEDROSA";"19.573.6207.9118.0003 - REALIZAÇÃO DE EVENTOS DE PROMOÇÃO E DIFUSÃO DE CONHECIMENTOS CIENTÍFICOS E TECNOLÓGICOS EM PROL DE TODA COMUNIDADE DO DF";"SEC. DE ESTADO DE DESENVOLVIMENTO ECONÔMICO DO DF";1.200.000,00;-1.200.000,00;0,00;0,00;0,00;0,00;0,00;0,00;
"HERMETO - JÚLIA LUCY";"14.243.6211.4217.0003 - MANUTENÇÃO DO SISTEMA SOCIOEDUCATIVO--DISTRITO FEDERAL";"SECRETARIA DE EST. DE JUSTIÇA E CIDADANIA DO DF";0,00;1.000.000,00;0,00;0,00;1.000.000,00;0,00;0,00;0,00;
"EDUARDO PEDROSA";"14.243.6211.9078.0018 - REALIZAÇÃO DE EVENTOS DE PROMOÇÃO DA CIDADANIA EM PROL DE TODA COMUNIDADE DO DF";"SECRETARIA DE EST. DE JUSTIÇA E CIDADANIA DO DF";500.000,00;-499.990,65;0,00;0,00;9,35;0,00;0,00;0,00;
"ARLETE AVELAR SAMPAIO";"15.122.8221.1984.9867 - CONSTRUÇÃO DO MUSEU DA EDUCAÇÃO";"COMPANHIA URB. DA NOVA CAPITAL DO BRASIL-NOVACAP";500.000,00;-500.000,00;0,00;0,00;0,00;0,00;0,00;0,00;
"EDUARDO PEDROSA";"27.812.6206.9080.0039 - PROMOÇÃO DE EVENTOS ESPORTIVOS EM PROL DE TODA COMUNIDADE DO DF";"SECRETARIA DE ESTADO DE ESPORTE E LAZER DO DF";700.000,00;-580.000,00;0,00;0,00;120.000,00;0,00;0,00;0,00;
"HERMETO";"27.812.6206.9080.0067 - TRANSFERÊNCIA DE RECURSOS PARA PROJETOS ESPORTIVOS-APOIO A EVENTOS ESPORTIVOS NO DISTRITO FEDERAL-DISTRITO FEDERAL";"SECRETARIA DE ESTADO DE ESPORTE E LAZER DO DF";0,00;600.000,00;0,00;0,00;600.000,00;0,00;0,00;0,00;
"LEANDRO GRASS";"19.573.6207.9118.0014 - TRANSFERÊNCIA DE RECURSOS PARA DIFUSÃO CIENTÍFICA E TECNOLÓGICA-IMPLANTAÇÃO DE LABORATÓRIOS INCLUDE NO DISTRITO FEDERAL-DISTRITO FEDERAL";"SECRETARIA DE ESTADO DE CIÊNCIA, TECNOLOGIA E INOV";0,00;-130.000,00;130.000,00;0,00;0,00;0,00;0,00;0,00;
"RODRIGO DELMASSO";"14.122.6211.2989.0005 - PROJETO VAN DOS DIREITOS";"SECRETARIA DE EST. DE JUSTIÇA E CIDADANIA DO DF";150.000,00;-150.000,00;0,00;0,00;0,00;0,00;0,00;0,00;
"JAQUELINE SILVA";"11.333.6207.2900.0012 - EXPANSÃO DA OFERTA DE QUALIFICAÇÃO SOCIAL PROFISSIONAL PARA JOVENS E ADULTOS- - QUALIFICA DF-DISTRITO FEDERAL-DISTRITO FEDERAL";"SECR. DE ESTADO DE TRABALHO DO DISTRITO FEDERAL";0,00;-88.636,00;88.636,00;0,00;0,00;0,00;0,00;0,00;
"RAFAEL PRUDENTE";"26.451.6216.1506.2496 - IMPLANTAÇÃO DE ABRIGOS PARA PASSAGEIROS NAS REG. ADM. DO DF";"SECRETARIA DE EST.DE TRANSPORTE E MOBILIDADE DO DF";500.000,00;-500.000,00;0,00;0,00;0,00;0,00;0,00;0,00;
"JOÃO CARDOSO";"26.782.6216.5902.7786 - CONSTRUÇÃO DE VIADUTO DE ACESSO À SOBRADINHO";"SECRETARIA DE EST.DE TRANSPORTE E MOBILIDADE DO DF";2.000.000,00;-2.000.000,00;0,00;0,00;0,00;0,00;0,00;0,00;
"JORGE VIANNA";"10.302.6202.3736.0004 - IMPLANTAÇÃO DE BASES SO SERVIÇO DE ATENDIMENTO MÉDICO DE URGÊNCIA - SAMU-DF 2020";"FUNDO DE SAÚDE DO DISTRITO FEDERAL";1.000.000,00;0,00;-1.000.000,00;0,00;0,00;0,00;0,00;0,00;
"CHICO VIGILANTE";"10.302.6202.3759.0003 - CONSTRUÇÃO DE UNIDADES DE PRONTO ATENDIMENTO - UPAS NO DISTRITO FEDERAL";"FUNDO DE SAÚDE DO DISTRITO FEDERAL";3.000.000,00;-3.000.000,00;0,00;0,00;0,00;0,00;0,00;0,00;
"VALDELINO BARCELOS";"06.181.6217.4031.0022 - INVESTIMENTO PARA O PROJETO DE VIDEOMONITORAMENTO NA ESTRUTURAL";"SECRETARIA DE EST. DE  SEGURANÇA PÚBLICA DO DF";500.000,00;-500.000,00;0,00;0,00;0,00;0,00;0,00;0,00;
"ROBÉRIO NEGREIROS";"11.333.6207.2900.7553 - EXPANSÃO DA OFERTA DE QUALIFICAÇÃO SOCIAL ? QUALIFICAÇÃO SOCIAL ? QUALIFICA DF 2020";"SECRETARIA DE EST. DE DESENV. SOCIAL DO DF";1.000.000,00;1.000.000,00;-2.000.000,00;0,00;0,00;0,00;0,00;0,00;
"LEANDRO GRASS";"14.243.6211.9078.0019 - APOIO A PROJETOS SOCIAIS PARA CRIANÇAS E JOVENS NO DISTRITO FEDERAL";"SECRETARIA DE EST. DE JUSTIÇA E CIDADANIA DO DF";263.000,00;-263.000,00;0,00;0,00;0,00;0,00;0,00;0,00;
"LEANDRO GRASS";"14.422.6211.9116.0002 - APOIO A PROJETOS DE PREVENÇÃO À VIOLÊNCIA NO DISTRITO FEDERAL";"SECRETARIA DE EST. DE JUSTIÇA E CIDADANIA DO DF";700.000,00;-700.000,00;0,00;0,00;0,00;0,00;0,00;0,00;
"DANIEL DONIZET";"03.061.8211.2422.9649 - CONCESSÃO DE BOLSA ESTÁGIO - DEFENSORIA PÚBLICA";"DEFENSORIA PÚBLICA DO DISTRITO FEDERAL";200.000,00;-200.000,00;0,00;0,00;0,00;0,00;0,00;0,00;
"JÚLIA LUCY";"14.422.6211.9107.0069 - TRANSFERÊNCIA FINANCEIRA A ENTIDADES-TRANSFERÊNCIA DE RECURSOS PARA PROJETOS-DISTRITO FEDERAL";"SECRETARIA DE ESTADO DA MULHER DO DISTRITO FEDERAL";0,00;200.000,00;0,00;-200.000,00;0,00;0,00;0,00;0,00;
"REGINALDO SARDINHA";"17.605.6210.3895.0002 - IMPLANTAÇÃO DE SISTEMAS DE ABASTECIMENTO DE ÁGUA (EM 2020)";"SECRETARIA DE AGRIC. ABASTECIMENTO E DESENV RURAL";600.000,00;-600.000,00;0,00;0,00;0,00;0,00;0,00;0,00;
"CLÁUDIO ABRANTES";"20.122.8201.3903.9829 - REFORMA DE PRÉDIO - CRECHE RURAL - NÚCLEO RURAL TAQUARA";"EMPRESA DE ASSIST. TÉC. E EXT. RURAL DO DF-EMATER";400.000,00;-400.000,00;0,00;0,00;0,00;0,00;0,00;0,00;
"FERNANDO FERNANDES";"20.606.6201.2173.0024 - APOIO A BOVINOCULTURA LEITEIRA - UNIDADE MODELO DE CURRAL LEITEIRO";"EMPRESA DE ASSIST. TÉC. E EXT. RURAL DO DF-EMATER";32.000,00;-32.000,00;0,00;0,00;0,00;0,00;0,00;0,00;
"FERNANDO FERNANDES";"20.606.6201.2173.0024 - APOIO A BOVINOCULTURA LEITEIRA - UNIDADE MODELO DE CURRAL LEITEIRO";"EMPRESA DE ASSIST. TÉC. E EXT. RURAL DO DF-EMATER";8.000,00;-8.000,00;0,00;0,00;0,00;0,00;0,00;0,00;
"JOÃO CARDOSO";"20.606.6201.2889.5683 - APOIO A AGRICULTURA FAMILIAR E AS ATIVIDADES RURAIS";"EMPRESA DE ASSIST. TÉC. E EXT. RURAL DO DF-EMATER";50.000,00;-50.000,00;0,00;0,00;0,00;0,00;0,00;0,00;
"JOÃO CARDOSO";"20.606.6201.2889.5683 - APOIO A AGRICULTURA FAMILIAR E AS ATIVIDADES RURAIS";"EMPRESA DE ASSIST. TÉC. E EXT. RURAL DO DF-EMATER";300.000,00;-300.000,00;0,00;0,00;0,00;0,00;0,00;0,00;
"LEANDRO GRASS";"13.391.6219.2962.0002 - REVITALIZAÇÃO DO MEMORIAL DOS POVOS INDÍGENAS";"SECRETARIA DE EST. DE CULTURA E ECON. CRIAT. DO DF";150.000,00;-150.000,00;0,00;0,00;0,00;0,00;0,00;0,00;
"REGINALDO SARDINHA";"15.451.6209.1110.8166 - CONSTRUÇÃO DE ESTACIONAMENTO NO SUDOESTE (EM 2020)";"COMPANHIA URB. DA NOVA CAPITAL DO BRASIL-NOVACAP";400.000,00;-400.000,00;0,00;0,00;0,00;0,00;0,00;0,00;
"FÁBIO FÉLIX";"15.451.6209.1110.8180 - EXECUÇÃO DE OBRAS DE URBANIZAÇÃO NO DF";"COMPANHIA URB. DA NOVA CAPITAL DO BRASIL-NOVACAP";1.329.636,00;-1.329.636,00;0,00;0,00;0,00;0,00;0,00;0,00;
"HERMETO";"15.452.6209.3002.0020 - CONSTRUÇÃO DE PONTOS DE ENTREGA VOLUNTÁRIA - PEV (PAPA ENTULHO) NA REGIÃO ADMINISTRATIVA DA CANDANGOLÂNDIA";"SERVIÇO DE LIMPEZA URBANA DO DISTRITO FEDERAL- SLU";300.000,00;-300.000,00;0,00;0,00;0,00;0,00;0,00;0,00;
"PROF. REGINALDO VERAS";"10.301.6202.3136.0003 - AMPLIAÇÃO DE UNIDADE BÁSICA DE SAÚDE";"FUNDO DE SAÚDE DO DISTRITO FEDERAL";100.000,00;-100.000,00;0,00;0,00;0,00;0,00;0,00;0,00;
"AGACIEL MAIA";"10.302.6202.3467.0072 - AQUISIÇÃO DE EQUIPAMENTOS-AQUISIÇÃO DE EQUIPAMENTO PELO HOSPITAL DA CRIANÇA DE BRASÍLIA-DISTRITO FEDERAL";"FUNDO DE SAÚDE DO DISTRITO FEDERAL";0,00;1.060.000,00;0,00;0,00;1.060.000,00;0,00;0,00;0,00;
"FÁBIO FÉLIX";"18.541.6210.4094.2258 - PROMOÇÃO DE AÇÕES DE EDUCAÇÃO E CONSERVAÇÃO AMBIENTAL";"SECRETARIA DE ESTADO DO MEIO AMBIENTE";100.000,00;-100.000,00;0,00;0,00;0,00;0,00;0,00;0,00;
"FÁBIO FÉLIX";"18.541.6210.4094.2258 - PROMOÇÃO DE AÇÕES DE EDUCAÇÃO E CONSERVAÇÃO AMBIENTAL";"SECRETARIA DE ESTADO DO MEIO AMBIENTE";50.000,00;-50.000,00;0,00;0,00;0,00;0,00;0,00;0,00;
"JOSÉ GOMES";"18.122.8210.1471.5904 - MODERNIZAÇÃO DOS EQUIPAMENTOS DO HOSPITAL VETERINÁRIO - ZOO - DF";"FUNDAÇÃO JARDIM ZOOLÓGICO DE BRASÍLIA";300.000,00;-300.000,00;0,00;0,00;0,00;0,00;0,00;0,00;
"VALDELINO BARCELOS";"18.122.8216.1142.0010 - RENOVAÇÃO DA FROTA DA FUNDAÇÃO JARDIM ZOOLÓGICO DE BRASÍLIA";"FUNDAÇÃO JARDIM ZOOLÓGICO DE BRASÍLIA";469.636,00;-469.636,00;0,00;0,00;0,00;0,00;0,00;0,00;
"EDUARDO PEDROSA";"11.334.6201.9107.0047 - TRANSFERÊNCIA FINANCEIRA A ENTIDADES-APOIO A PROJETOS DE CAPACITAÇÃO E EMPREENDEDORISMO EM PROL DAS MULHERES DO DF -DISTRITO FEDERAL";"SECRETARIA DE EST. DE DESENV. SOCIAL DO DF";0,00;490.000,00;-490.000,00;0,00;0,00;0,00;0,00;0,00;
"IOLANDO ALMEIDA";"18.122.6210.3937.0002 - AQUISIÇÃO DE EQUIPAMENTOS E VEÍCULOS PARA TRATAMENTO E TRANSPORTE DE RESÍDUOS SOLÍDOS-AQUISIÇAO DE UTILITÁRIO PARA SERVIÇOS DE RECICLAGEM DE RESIDUO-DISTRITO FEDERAL";"SECRETARIA DE EST. DE DESENV. SOCIAL DO DF";0,00;200.000,00;0,00;-200.000,00;0,00;0,00;0,00;0,00;
"ARLETE AVELAR SAMPAIO";"11.122.6207.2782.0006 - DESENVOLVIMENTO DE AÇÕES VOLTADAS AO FORTALECIMENTO DE COOPERATIVAS DE CATADORES";"SECRETARIA DE EST. DE DESENV. SOCIAL DO DF";366.000,00;0,00;-366.000,00;0,00;0,00;0,00;0,00;0,00;
"AGACIEL MAIA";"15.451.6209.1110.8149 - EXECUÇÃO DE OBRAS DE URBANIZAÇÃO E INFRAESTRUTURA NO ITAPOÃ - H";"ADMINISTRAÇÃO REGIONAL DO ITAPOÃ";500.000,00;-500.000,00;0,00;0,00;0,00;0,00;0,00;0,00;
"ROBÉRIO NEGREIROS";"15.451.6209.1110.8150 - EXECUÇÃO DE OBRAS DE URBANIZAÇÃO NA RA XXVIII EM 2020";"ADMINISTRAÇÃO REGIONAL DO ITAPOÃ";500.000,00;-500.000,00;0,00;0,00;0,00;0,00;0,00;0,00;
"IOLANDO ALMEIDA";"20.606.6201.3467.9619 - AQUISIÇÃO DE CAMARA FRIA PARA ASSOCIAÇÃO DE PRODUTORES IA";"SECRETARIA DE AGRIC. ABASTECIMENTO E DESENV RURAL";200.000,00;-150.000,00;0,00;-50.000,00;0,00;0,00;0,00;0,00;
"ROOSEVELT VILELA";"20.845.6201.9109.0005 - CONSTRUÇÃO DA ENTRADA PRINCIPAL DO PARQUE GRANJA DO TORTO";"SECRETARIA DE AGRIC. ABASTECIMENTO E DESENV RURAL";1.000.000,00;-1.000.000,00;0,00;0,00;0,00;0,00;0,00;0,00;
"JOÃO CARDOSO";"08.422.6211.2782.0005 - DESENVOLVIMENTO, INCLUSÃO E PROMOÇÃO SOCIAL";"ADMINISTRAÇÃO REGIONAL DE SOBRADINHO";10.000,00;-10.000,00;0,00;0,00;0,00;0,00;0,00;0,00;
"JOÃO CARDOSO";"08.422.6211.2782.0005 - DESENVOLVIMENTO, INCLUSÃO E PROMOÇÃO SOCIAL";"ADMINISTRAÇÃO REGIONAL DE SOBRADINHO";20.000,00;-20.000,00;0,00;0,00;0,00;0,00;0,00;0,00;
"JOÃO CARDOSO";"08.422.6211.2782.0005 - DESENVOLVIMENTO, INCLUSÃO E PROMOÇÃO SOCIAL";"ADMINISTRAÇÃO REGIONAL DE SOBRADINHO";10.000,00;-10.000,00;0,00;0,00;0,00;0,00;0,00;0,00;
"JOÃO CARDOSO";"08.422.6211.2782.0005 - DESENVOLVIMENTO, INCLUSÃO E PROMOÇÃO SOCIAL";"ADMINISTRAÇÃO REGIONAL DE SOBRADINHO";30.000,00;-30.000,00;0,00;0,00;0,00;0,00;0,00;0,00;
"FERNANDO FERNANDES";"15.451.6209.8508.9214 - MANUTENÇÃO DE ÁREAS URBANIZADAS E AJARDINADAS-AQUISIÇAO DE EQUIPAMENTOS E MATERIAL PERMANENTE";"ADMINISTRAÇÃO REGIONAL DE CEILÂNDIA";200.000,00;-200.000,00;0,00;0,00;0,00;0,00;0,00;0,00;
"JORGE VIANNA";"27.812.6206.9080.0038 - APOIO AO FOMENTO ESPORTIVO - DISTRITO FEDERAL 2020";"SECRETARIA DE ESTADO DE ESPORTE E LAZER DO DF";324.636,00;-324.636,00;0,00;0,00;0,00;0,00;0,00;0,00;
"JAQUELINE SILVA";"27.812.6206.9080.0053 - TRANSFERÊNCIAS DE RECURSOS PARA PROJETOS ESPORTIVOS - REALIZAÇÃO DE PROJETOS ESPORTIVOS NO DF.";"SECRETARIA DE ESTADO DE ESPORTE E LAZER DO DF";1.300.000,00;-1.300.000,00;0,00;0,00;0,00;0,00;0,00;0,00;
"ARLETE AVELAR SAMPAIO";"27.812.6206.9080.0054 - TRANSFERÊNCIA PARA ""REALIZAÇÃO DE ATIVIDADES DE INCENTIVO AO ESPORTE E LAZER""";"SECRETARIA DE ESTADO DE ESPORTE E LAZER DO DF";50.000,00;-50.000,00;0,00;0,00;0,00;0,00;0,00;0,00;
"EDUARDO PEDROSA";"10.301.6202.3136.0002 - AMPLIAÇÃO DA UNIDADE BÁSICAS DE SAÚDE EM SÃO SEBASTIÃO";"SECRETARIA DE ESTADO DE SAÚDE DO DISTRITO FEDERAL";0,00;0,00;100.000,00;0,00;100.000,00;0,00;0,00;0,00;
"EDUARDO PEDROSA";"10.301.6202.3136.0002 - AMPLIAÇÃO DA UNIDADE BÁSICAS DE SAÚDE EM SÃO SEBASTIÃO";"FUNDO DE SAÚDE DO DISTRITO FEDERAL";100.000,00;0,00;-100.000,00;0,00;0,00;0,00;0,00;0,00;
"CLÁUDIO ABRANTES";"10.302.6202.4009.0007 - AQUISIÇÃO DE INSUMOS E MATERIAL MÉDICO HOSPITALAR-EQUIPAMENTOS DE PROTEÇÃO INDIVIDUAL - EPI - DISTRITO FEDERAL-DISTRITO FEDERAL";"FUNDO DE SAÚDE DO DISTRITO FEDERAL";0,00;200.000,00;0,00;0,00;200.000,00;0,00;0,00;0,00;
"CLÁUDIO ABRANTES";"10.302.6202.4009.0008 - AQUISIÇÃO DE INSUMOS E MATERIAL MÉDICO HOSPITALAR-AQUISIÇÃO DE INSUMOS E MATERIAL MÉDICO HOSPITALAR - EQUIPAMENTOS DE PROTEÇÃO INDIVIDUAL - EPI - DISTRITO FEDERAL -DISTRITO FEDERAL";"FUNDO DE SAÚDE DO DISTRITO FEDERAL";0,00;300.000,00;0,00;0,00;300.000,00;0,00;0,00;0,00;
"ARLETE AVELAR SAMPAIO";"10.302.6202.4009.0009 - AQUISIÇÃO DE INSUMOS E MATERIAL MÉDICO HOSPITALAR-AQUISIÇÃO DE EQUIPAMENTOS DE PROTEÇÃO INDIVIDUAL - COMBATE AO COVID19-DISTRITO FEDERAL";"FUNDO DE SAÚDE DO DISTRITO FEDERAL";0,00;1.000.000,00;-1.000.000,00;0,00;0,00;0,00;0,00;0,00;
"CHICO VIGILANTE";"12.122.8221.1984.9866 - CONSTRUÇÃO DO MUSEU DA EDUCAÇÃO DO DISTRITO FEDERAL";"COMPANHIA URB. DA NOVA CAPITAL DO BRASIL-NOVACAP";500.000,00;-500.000,00;0,00;0,00;0,00;0,00;0,00;0,00;
"RODRIGO DELMASSO";"15.451.6209.1110.8165 - CONSTRUÇÃO DE ESTACIONAMENTO EM FRENTE ÀS QUADRAS QMSW 7 A 9 DO SUDOESTE";"COMPANHIA URB. DA NOVA CAPITAL DO BRASIL-NOVACAP";480.000,00;-480.000,00;0,00;0,00;0,00;0,00;0,00;0,00;
"MARTINS MACHADO";"27.812.6206.1079.0020 - CONSTRUÇÃO DE QUADRAS COBERTAS NAS ESCOLAS DO DISTRITO FEDERAL";"COMPANHIA URB. DA NOVA CAPITAL DO BRASIL-NOVACAP";800.000,00;-800.000,00;0,00;0,00;0,00;0,00;0,00;0,00;
"LEANDRO GRASS - JÚLIA LUCY";"12.365.6221.3271.9367 - CONSTRUÇÃO DE UNIDADES DA EDUCAÇÃO INFANTIL - CRECHES NO DISTRITO FEDERAL";"SECRETARIA DE ESTADO DE EDUCAÇÃO DO DF";500.000,00;2.500.000,00;0,00;-1,00;2.999.999,00;0,00;0,00;0,00;
"DANIEL DONIZET";"26.782.6216.3467.9631 - AQUISIÇÃO DE EQUIPAMENTOS LEVES E PESADOS";"DEPTO DE ESTRADAS E RODAGEM DO DF - DER/DF";300.000,00;-300.000,00;0,00;0,00;0,00;0,00;0,00;0,00;
"JORGE VIANNA";"15.127.6208.4011.0016 - REGULARIZAÇÃO DE INTERESSE SOCIAL - SAMAMBAIA";"COMPANHIA DE DESENV. DA HABITAÇÃO  DO DF - CODHAB";200.000,00;-200.000,00;0,00;0,00;0,00;0,00;0,00;0,00;
"ROBÉRIO NEGREIROS";"15.451.6209.1110.8112 - EXECUÇÃO DE OBRAS DE URBANIZAÇÃO NA RA I EM 2020";"ADMINISTRAÇÃO REGIONAL DO PLANO PILOTO";500.000,00;-500.000,00;0,00;0,00;0,00;0,00;0,00;0,00;
"JORGE VIANNA";"15.451.6208.1110.8135 - EXECUÇÃO DE OBRAS DE INFRAESTRUTURA E URBANISMO - SAMAMBAIA - 2020";"ADMINISTRAÇÃO REGIONAL DE SAMAMBAIA";1.000.000,00;-1.000.000,00;0,00;0,00;0,00;0,00;0,00;0,00;
"ROOSEVELT VILELA";"20.605.6201.3534.9652 - CONSTRUÇÃO DO CENTRO DE COMERCIALIZAÇÃO DE PRODUTOS ORGÂNICOS NO CEASA";"SECRETARIA DE AGRIC. ABASTECIMENTO E DESENV RURAL";1.135.000,00;-1.135.000,00;0,00;0,00;0,00;0,00;0,00;0,00;
"RODRIGO DELMASSO";"20.607.6201.3724.0008 - PROJETO IRRIGARE";"SECRETARIA DE AGRIC. ABASTECIMENTO E DESENV RURAL";1.250.000,00;-1.250.000,00;0,00;0,00;0,00;0,00;0,00;0,00;
"FÁBIO FÉLIX";"14.422.6211.3045.0003 - IMPLANTAÇÃO DA CASA DA MULHER EM CEILÂNDIA";"SECRETARIA DE EST. DE DESENV. SOCIAL DO DF";500.000,00;-500.000,00;0,00;0,00;0,00;0,00;0,00;0,00;
"CHICO VIGILANTE";"14.422.6211.4213.3850 - REALIZAÇÃO DO I ENCONTRO NACIONAL DE MULHERES SEM TERRA";"SECRETARIA DE EST. DE DESENV. SOCIAL DO DF";100.000,00;-100.000,00;0,00;0,00;0,00;0,00;0,00;0,00;
"DANIEL DONIZET";"13.392.6219.9075.0128 - TRANSFERÊNCIA DE RECURSOS PARA PROJETOS CULTURAIS - DISTRITO FEDERAL";"SECRETARIA DE EST. DE CULTURA E ECON. CRIAT. DO DF";0,00;935.000,00;0,00;0,00;935.000,00;0,00;0,00;0,00;
"DANIEL DONIZET";"12.122.6221.9068.0194 - DESCENTRALIZAÇÃO DE RECURSOS FINANCEIROS PARA AS ESCOLAS DO DISTRITO FEDERAL - PDAF";"SECRETARIA DE ESTADO DE EDUCAÇÃO DO DF";0,00;440.000,00;0,00;0,00;440.000,00;0,00;0,00;0,00;
"CLÁUDIO ABRANTES";"12.122.6221.9068.0208 - TRANSFERÊNCIA POR MEIO DE DESCENTRALIZAÇÃO DE RECURSOS FINANCEIROS PARA AS ESCOLAS DO DISTRITO FEDERAL - PDAF";"SECRETARIA DE ESTADO DE EDUCAÇÃO DO DF";3.000.000,00;-3.000.000,00;0,00;0,00;0,00;0,00;0,00;0,00;
"MARTINS MACHADO";"11.243.6211.9078.0017 - APOIO A PROJETOS SOCIAIS NO DISTRITO FEDERAL";"SECRETARIA DE EST. DE DESENV. SOCIAL DO DF";600.000,00;-600.000,00;0,00;0,00;0,00;0,00;0,00;0,00;
"DANIEL DONIZET";"10.301.6202.3759.0002 - IMPLANTAÇÃO DE NOVAS UNIDADES DE PRONTO ATENDIMENTO - UPAS - EQUIPAGEM E MOBÍLIA - UPA DO GAMA";"FUNDO DE SAÚDE DO DISTRITO FEDERAL";1.000.000,00;-1.000.000,00;0,00;0,00;0,00;0,00;0,00;0,00;
"JOSÉ GOMES";"10.301.6202.3135.0034 - CONSTRUÇÃO DE UNIDADE BÁSICA DE SAÚDE NO SOL NASCENTE / PÔR DO SOL - CEILÂNDIA ? DF";"FUNDO DE SAÚDE DO DISTRITO FEDERAL";1.000.000,00;-1.000.000,00;0,00;0,00;0,00;0,00;0,00;0,00;
"FÁBIO FÉLIX";"10.302.6202.3467.9625 - AQUISIÇÃO DE EQUIPAMENTOS PARA A ÁREA DE SAÚDE";"SECRETARIA DE ESTADO DE SAÚDE DO DISTRITO FEDERAL";0,00;0,00;500.000,00;0,00;500.000,00;0,00;0,00;0,00;
"FÁBIO FÉLIX";"10.302.6202.3467.9625 - AQUISIÇÃO DE EQUIPAMENTOS PARA A ÁREA DE SAÚDE";"FUNDO DE SAÚDE DO DISTRITO FEDERAL";0,00;500.000,00;-500.000,00;0,00;0,00;0,00;0,00;0,00;
"FÁBIO FÉLIX";"10.302.6202.3467.9625 - AQUISIÇÃO DE EQUIPAMENTOS PARA A ÁREA DE SAÚDE";"FUNDO DE SAÚDE DO DISTRITO FEDERAL";1.000.000,00;0,00;-1.000.000,00;0,00;0,00;0,00;0,00;0,00;
"FÁBIO FÉLIX";"10.303.6202.4216.0024 - AQUISIÇÃO DE MEDICAMENTO PARA A POPULAÇÃO CARENTE DO DF";"FUNDO DE SAÚDE DO DISTRITO FEDERAL";800.000,00;600.000,00;-1.400.000,00;0,00;0,00;0,00;0,00;0,00;
"JOSÉ GOMES";"10.303.6202.4216.0022 - AQUISIÇÃO DE MEDICAMENTOS PARA ASSISTÊNCIA À SAÚDE PÚBLICA DO DISTRITO FEDERAL - DF";"FUNDO DE SAÚDE DO DISTRITO FEDERAL";1.000.000,00;-1.000.000,00;0,00;0,00;0,00;0,00;0,00;0,00;
"JÚLIA LUCY";"10.301.6202.3222.0013 - REFORMA DE UNIDADES DE ATENÇÃO BÁSICA";"FUNDO DE SAÚDE DO DISTRITO FEDERAL";300.000,00;-300.000,00;0,00;0,00;0,00;0,00;0,00;0,00;
"JOSÉ GOMES";"10.301.6202.3135.0041 - CONSTRUÇÃO DE UNIDADE BÁSICA DE SAÚDE - UBS - DISTRITO FEDERAL - DF";"FUNDO DE SAÚDE DO DISTRITO FEDERAL";300.000,00;-300.000,00;0,00;0,00;0,00;0,00;0,00;0,00;
"JÚLIA LUCY";"10.301.6202.3135.0036 - CONSTRUÇÃO DE PRÉDIOS E PRÓPRIOS - UNIDADES BÁSICAS DE SAÚDE";"FUNDO DE SAÚDE DO DISTRITO FEDERAL";3.000.000,00;0,00;-2.676.187,97;0,00;323.812,03;0,00;0,00;0,00;
"LEANDRO GRASS";"10.302.6202.4009.0011 - AQUISIÇÃO DE INSUMOS E MATERIAL MÉDICO HOSPITALAR-AQUISIÇÃO DE INSUMOS E MATERIAL MÉDICO HOSPITALAR-SES-DISTRITO FEDERAL-DISTRITO FEDERAL";"FUNDO DE SAÚDE DO DISTRITO FEDERAL";0,00;381.000,00;-381.000,00;0,00;0,00;0,00;0,00;0,00;
"IOLANDO ALMEIDA";"13.392.6219.2831.0090 - PROMOÇÃO DE ATIVIDADES PE CULTURAIS";"SECRETARIA DE EST. DE CULTURA E ECON. CRIAT. DO DF";150.000,00;-150.000,00;0,00;0,00;0,00;0,00;0,00;0,00;
"JORGE VIANNA";"13.392.6219.2590.0002 - FOMENTO CULTURAL PARA O DISTRITO FEDERAL - 2020";"SECRETARIA DE EST. DE CULTURA E ECON. CRIAT. DO DF";800.000,00;-800.000,00;0,00;0,00;0,00;0,00;0,00;0,00;
"VALDELINO BARCELOS";"20.304.6201.2612.0003 - FOMENTO A MICROCHIPAGEM DE EQUÍDEOS DO DISTRITO FEDERAL";"SECRETARIA DE AGRIC. ABASTECIMENTO E DESENV RURAL";845.000,00;-845.000,00;0,00;0,00;0,00;0,00;0,00;0,00;
"JÚLIA LUCY";"11.333.6211.4240.2285 - DESENVOLVIMENTO DE AÇÕES DE PROMOÇÃO DA MULHER E GARANTIR OS DIREITOS-APOIO AO PROJETO: MULHER CIDADÃ - EMPODERAMENTO E QUALIFICAÇÃO PROFISSIONAL-DISTRITO FEDERAL";"SECRETARIA DE EST. DE DESENV. SOCIAL DO DF";300.000,00;-100.000,00;-200.000,00;0,00;0,00;0,00;0,00;0,00;
"JÚLIA LUCY";"11.333.6211.4240.0003 - DESENVOLVIMENTO DE AÇÕES DE PROMOÇÃO DA MULHER E GARANTIR OS DIREITOS- APOIO AO PROJETO: MULHER CIDADÃ - EMPODERAMENTO E QUALIFICAÇÃO PROFISSIONAL-DISTRITO FEDERAL";"SECR. DE ESTADO DE TRABALHO DO DISTRITO FEDERAL";0,00;-200.000,00;200.000,00;0,00;0,00;0,00;0,00;0,00;
"ARLETE AVELAR SAMPAIO";"11.333.6207.9107.0036 - TRANSFERÊNCIA PARA EVENTOS LIGADOS À TERRA";"SECRETARIA DE EST. DE DESENV. SOCIAL DO DF";200.000,00;0,00;-200.000,00;0,00;0,00;0,00;0,00;0,00;
"REGINALDO SARDINHA";"11.334.6201.9107.0057 - TRANSFERÊNCIA FINANCEIRA A ENTIDADES-APOIO A PROJETOS DE CAPACITAÇÃO E EMPREENDEDORISMO (EM 2020)-DISTRITO FEDERAL";"SECR. DE ESTADO DE TRABALHO DO DISTRITO FEDERAL";0,00;-75.000,00;75.000,00;0,00;0,00;0,00;0,00;0,00;
"VALDELINO BARCELOS";"12.365.6221.2388.4395 - AQUISIÇÃO DE PARQUES INFANTIS PARA ESCOLAS PÚBLICAS PARA RECANTO DAS EMAS";"SECRETARIA DE ESTADO DE EDUCAÇÃO DO DF";450.000,00;-450.000,00;0,00;0,00;0,00;0,00;0,00;0,00;
"CHICO VIGILANTE";"13.392.6219.9075.0115 - APOIO AO PROJETO DE FOMENTO DA ECONOMIA DA CULTURA E SOLIDÁRIA";"SECRETARIA DE EST. DE CULTURA E ECON. CRIAT. DO DF";100.000,00;-100.000,00;0,00;0,00;0,00;0,00;0,00;0,00;
"CHICO VIGILANTE";"13.392.6219.9075.0113 - APOIO AO PROJETO ROLÊ CULTURAL";"SECRETARIA DE EST. DE CULTURA E ECON. CRIAT. DO DF";100.000,00;-100.000,00;0,00;0,00;0,00;0,00;0,00;0,00;
"CLÁUDIO ABRANTES";"27.392.6219.9075.0142 - TRANSFERÊNCIA DE RECURSOS PARA PROJETOS CULTURAIS - APOIO A EVENTOS NO DISTRITO FEDERAL";"SECRETARIA DE EST. DE TURISMO DO DISTRITO FEDERAL";400.000,00;-400.000,00;0,00;0,00;0,00;0,00;0,00;0,00;
"JÚLIA LUCY";"13.392.6219.9075.0139 - TRANSFERÊNCIA DE RECURSOS PARA PROJETOS CULTURAIS";"SECRETARIA DE ESTADO DE CIÊNCIA, TECNOLOGIA E INOV";0,00;0,00;200.000,00;0,00;200.000,00;0,00;0,00;0,00;
"IOLANDO ALMEIDA";"13.392.6219.2831.0088 - PROMOÇÃO DE ATIVIDADES CULTURAIS";"ADMINISTRAÇÃO REGIONAL DE  BRAZLANDIA";2.500.000,00;-2.500.000,00;0,00;0,00;0,00;0,00;0,00;0,00;
"CHICO VIGILANTE";"13.392.6219.9075.0134 - APOIO AO PROJETO CULTURAL OCUPAÇÃO - PAUTA CÊNICA E PAUTA SONORA";"SECRETARIA DE EST. DE CULTURA E ECON. CRIAT. DO DF";300.000,00;0,00;-300.000,00;0,00;0,00;0,00;0,00;0,00;
"CHICO VIGILANTE";"13.392.6219.9075.0132 - APOIO AO PROJETO CULTURAL A ESCOLA NO CINEMA";"SECRETARIA DE EST. DE CULTURA E ECON. CRIAT. DO DF";200.000,00;-200.000,00;0,00;0,00;0,00;0,00;0,00;0,00;
"FERNANDO FERNANDES";"15.451.6209.1110.8153 - EXECUÇÃO DE OBRAS DE URBANIZAÇÃO-CONSTRUÇÃO E REFORMA DE CALÇADAS-DISTRITO FEDERAL";"SECRETARIA DE ESTADO DE OBRAS E INFRAEST. DO DF";1.600.000,00;-1.600.000,00;0,00;0,00;0,00;0,00;0,00;0,00;
"JAQUELINE SILVA - JÚLIA LUCY";"15.451.6206.3902.9545 - REFORMAS DE PRAÇAS E PARQUES PÚBLICOS NO DISTRITO FEDERAL-DF";"COMPANHIA URB. DA NOVA CAPITAL DO BRASIL-NOVACAP";2.340.000,00;-2.340.000,00;0,00;0,00;0,00;0,00;0,00;0,00;
"RAFAEL PRUDENTE";"15.451.6206.3902.0065 - REFORMA DE PRAÇAS PÚBLICAS E PARQUES- - REFORMA DA PRAÇA PRINCIPAL DO PARANOÁ - PARANOÁ";"COMPANHIA URB. DA NOVA CAPITAL DO BRASIL-NOVACAP";0,00;500.000,00;-500.000,00;0,00;0,00;0,00;0,00;0,00;
"JORGE VIANNA";"15.451.6206.3596.8550 - IMPLANTAÇÃO DE INFRAESTRUTURA ESPORTIVA NAS CIDADES DO DF - 2020";"COMPANHIA URB. DA NOVA CAPITAL DO BRASIL-NOVACAP";500.000,00;-500.000,00;0,00;0,00;0,00;0,00;0,00;0,00;
"RAFAEL PRUDENTE";"15.451.6206.3048.9607 - REFORMA DE ESPAÇOS ESPORTIVOS NAS REG. ADM. DO DF";"COMPANHIA URB. DA NOVA CAPITAL DO BRASIL-NOVACAP";400.000,00;-400.000,00;0,00;0,00;0,00;0,00;0,00;0,00;
"PROF. REGINALDO VERAS";"15.451.6206.1079.0015 - CONSTRUÇÃO DO SKATE PARK NA PRAÇA DA BÍBLIA EM CEILÂNDIA";"COMPANHIA URB. DA NOVA CAPITAL DO BRASIL-NOVACAP";500.000,00;-500.000,00;0,00;0,00;0,00;0,00;0,00;0,00;
"LEANDRO GRASS";"14.422.6211.9107.0062 - TRANSFERÊNCIA FINANCEIRA A ENTIDADES- - APOIO A PROJETOS -DISTRITO FEDERAL";"SECRETARIA DE EST. DE JUSTIÇA E CIDADANIA DO DF";0,00;1.000,10;0,00;0,00;1.000,10;0,00;0,00;0,00;
"CHICO VIGILANTE - FERNANDO FERNANDES";"14.422.6211.4213.3851 - DESENVOLVIMENTO DE AÇÕES RELACIONADAS A REDE DE ENFRENTAMENTO À VIOLÊNCIA CONTRA A MULHER-AMPLIAÇÃO E MANUTENÇÃO DO SERVIÇO ITINERANTE À VIOLÊNCIA CONTRA MULHER-DISTRITO FEDERAL";"SECRETARIA DE ESTADO DA MULHER DO DISTRITO FEDERAL";200.000,00;-200.000,00;0,00;0,00;0,00;0,00;0,00;0,00;
"JOSÉ GOMES";"14.422.6211.4091.5921 - APOIO AO PROJETO - SEJUS MAIS PERTO DO CIDADÃO - DF";"SECRETARIA DE EST. DE JUSTIÇA E CIDADANIA DO DF";300.000,00;-300.000,00;0,00;0,00;0,00;0,00;0,00;0,00;
"CHICO VIGILANTE";"13.392.6219.9075.0134 - APOIO AO PROJETO CULTURAL OCUPAÇÃO - PAUTA CÊNICA E PAUTA SONORA";"SECRETARIA DE EST. DE TURISMO DO DISTRITO FEDERAL";0,00;0,00;300.000,00;0,00;300.000,00;0,00;0,00;0,00;
"JOÃO CARDOSO";"04.421.6217.2426.8557 - CONTRATAÇÃO DE MÃO DE OBRA-FUNAP";"ADMINISTRAÇÃO REGIONAL DE SOBRADINHO";190.000,00;-190.000,00;0,00;0,00;0,00;0,00;0,00;0,00;
"CHICO VIGILANTE";"14.422.6207.9107.0060 - TRANSFERÊNCIA FINANCEIRA A ENTIDADES-APOIO ÀS ATIVIDADES DO MOVIMENTO DOS TRABALHADORES RURAIS SEM TERRA-DISTRITO FEDERAL";"SECRETARIA DE ESTADO DA MULHER DO DISTRITO FEDERAL";0,00;-100.000,00;100.000,00;0,00;0,00;0,00;0,00;0,00;
"RAFAEL PRUDENTE";"15.451.6206.3902.9541 - REFORMA DA PRAÇA DA BÍBLIA";"ADMINISTRAÇÃO REGIONAL DE  BRAZLANDIA";50.000,00;-50.000,00;0,00;0,00;0,00;0,00;0,00;0,00;
"EDUARDO PEDROSA";"15.451.6206.3902.0059 - REFORMA DE PRAÇAS PÚBLICAS E PARQUES-REFORMA DE PARQUINHOS INFANTIS NA REGIÃO ADMINISTRATIVA DO ITAPOÃ  - ITAPOÃ";"COMPANHIA URB. DA NOVA CAPITAL DO BRASIL-NOVACAP";0,00;0,00;210.000,00;0,00;210.000,00;0,00;0,00;0,00;
"EDUARDO PEDROSA";"15.451.6206.3902.0059 - REFORMA DE PRAÇAS PÚBLICAS E PARQUES-REFORMA DE PARQUINHOS INFANTIS NA REGIÃO ADMINISTRATIVA DO ITAPOÃ  - ITAPOÃ";"ADMINISTRAÇÃO REGIONAL DO ITAPOÃ";0,00;210.000,00;-210.000,00;0,00;0,00;0,00;0,00;0,00;
"JORGE VIANNA";"15.451.6206.1950.9527 - CONSTRUÇÃO DA PRAÇA DO CHAFARIZ - SAMAMBAIA";"ADMINISTRAÇÃO REGIONAL DE SAMAMBAIA";500.000,00;-500.000,00;0,00;0,00;0,00;0,00;0,00;0,00;
"RODRIGO DELMASSO";"15.451.6209.1110.8160 - CONSTRUÇÃO DE ESTACIONAMENTO EM SOBRADINHO";"COMPANHIA URB. DA NOVA CAPITAL DO BRASIL-NOVACAP";120.000,00;-120.000,00;0,00;0,00;0,00;0,00;0,00;0,00;
"VALDELINO BARCELOS";"20.304.6203.2957.0001 - PRESTAÇÃO ITINERANTE DE SERVIÇOS RELATIVOS À DEFESA AGROPECUÁRIA POR MEIO DE ESCRITÓRIO MÓVEL";"SECRETARIA DE AGRIC. ABASTECIMENTO E DESENV RURAL";320.000,00;-320.000,00;0,00;0,00;0,00;0,00;0,00;0,00;
"ROOSEVELT VILELA";"12.366.6221.9068.0205 - APOIO À PROJETO DE EDUCAÇÃO DE IDOSOS NA PROMOÇÃO DO CONHECIMENTO E DO ENVELHECIMENTO ATIVO";"SECRETARIA DE ESTADO DE EDUCAÇÃO DO DF";700.000,00;0,00;0,00;0,00;700.000,00;0,00;0,00;0,00;
"IOLANDO ALMEIDA";"12.367.6221.5051.0003 - EXECUÇÃO DE OBRAS DE ADEQUAÇÃO E REPARO ESCOLA BILINGUE DE LIBRAS";"SECRETARIA DE ESTADO DE EDUCAÇÃO DO DF";200.000,00;-200.000,00;0,00;0,00;0,00;0,00;0,00;0,00;
"FERNANDO FERNANDES";"15.451.6209.1110.8162 - REVITALIZAÇÃO DO PARQUE DO SETOR ""O""";"COMPANHIA URB. DA NOVA CAPITAL DO BRASIL-NOVACAP";300.000,00;-300.000,00;0,00;0,00;0,00;0,00;0,00;0,00;
"PROF. REGINALDO VERAS";"15.451.6209.1110.8117 - EXECUÇÃO DE OBRAS DE URBANIZAÇÃO - TAGUATINGA";"ADMINISTRAÇÃO REGIONAL DE TAGUATINGA";500.000,00;-500.000,00;0,00;0,00;0,00;0,00;0,00;0,00;
"ROBÉRIO NEGREIROS";"15.451.6209.1110.8116 - EXECUÇÃO DE OBRAS DE URBANIZAÇÃO NA RA II EM 2020";"ADMINISTRAÇÃO REGIONAL DO GAMA";500.000,00;-500.000,00;0,00;0,00;0,00;0,00;0,00;0,00;
"FÁBIO FÉLIX";"15.451.6209.1110.8113 - EXECUÇÃO DE OBRAS DE URBANIZAÇÃO NO PLANO PILOTO";"ADMINISTRAÇÃO REGIONAL DO PLANO PILOTO";300.000,00;-300.000,00;0,00;0,00;0,00;0,00;0,00;0,00;
"ROBÉRIO NEGREIROS";"15.451.6209.1110.8151 - EXECUÇÃO DE OBRAS DE URBANIZAÇÃO-EXECUÇÃO DE OBRAS DE URBANIZAÇÃO NA RA XXXI EM 2020- FERCAL";"ADMINISTRAÇÃO REGIONAL DA FERCAL - RA XXXI";1.500.000,00;-1.500.000,00;0,00;0,00;0,00;0,00;0,00;0,00;
"AGACIEL MAIA";"15.451.6209.1110.8136 - EXECUÇÃO DE OBRAS DE URBANIZAÇÃO E INFRAESTRUTURA EM SAMAMBAIA - H";"ADMINISTRAÇÃO REGIONAL DE SAMAMBAIA";500.000,00;-500.000,00;0,00;0,00;0,00;0,00;0,00;0,00;
"ROBÉRIO NEGREIROS";"15.451.6209.1110.8131 - EXECUÇÃO DE OBRAS DE URBANIZAÇÃO NA RA IX EM 2020";"ADMINISTRAÇÃO REGIONAL DE CEILÂNDIA";500.000,00;-500.000,00;0,00;0,00;0,00;0,00;0,00;0,00;
"PROF. REGINALDO VERAS";"15.451.6209.1110.8129 - EXECUÇÃO DE OBRAS DE URBANIZAÇÃO - CEILÂNDIA";"ADMINISTRAÇÃO REGIONAL DE CEILÂNDIA";500.000,00;-500.000,00;0,00;0,00;0,00;0,00;0,00;0,00;
"AGACIEL MAIA";"15.451.6209.1110.8128 - EXECUÇÃO DE OBRAS DE URBANIZAÇÃO-EXECUÇÃO DE OBRAS DE URBANIZAÇÃO E INFRAESTRUTURA NO NÚCLEO BANDEIRANTE - H- NÚCLEO BANDEIRANTE";"ADMINISTRAÇÃO REGIONAL DO  NÚCLEO BANDEIRANTE";500.000,00;-500.000,00;0,00;0,00;0,00;0,00;0,00;0,00;
"ROBÉRIO NEGREIROS";"15.451.6209.1110.8127 - EXECUÇÃO DE OBRAS DE URBANIZAÇÃO NA RA VII EM 2020";"ADMINISTRAÇÃO REGIONAL DO PARANOÁ";500.000,00;-500.000,00;0,00;0,00;0,00;0,00;0,00;0,00;
"JOÃO CARDOSO";"04.122.8205.8517.9831 - MANUTENÇÃO DE SERVIÇOS ADMINISTRATIVOS";"ADMINISTRAÇÃO REGIONAL DE SOBRADINHO";150.000,00;-100.000,00;0,00;-50.000,00;0,00;0,00;0,00;0,00;
"JAQUELINE SILVA";"15.122.6209.1968.3221 - ELABORAÇÃO DE PROJETO DA FEIRA PERMANENTE DE SANTA MARIA - RA XIII";"COMPANHIA URB. DA NOVA CAPITAL DO BRASIL-NOVACAP";250.000,00;-250.000,00;0,00;0,00;0,00;0,00;0,00;0,00;
"JAQUELINE SILVA";"10.122.8202.2396.5402 - CONSERVAÇÕES DAS ESTRUTURAS FÍSICAS DE EDIFICAÇÕES PÚBLICAS DA SECRETARIA DE SAÚDE-DF";"FUNDO DE SAÚDE DO DISTRITO FEDERAL";250.000,00;-250.000,00;0,00;0,00;0,00;0,00;0,00;0,00;
"EDUARDO PEDROSA";"04.122.6207.3711.6201 - REALIZAÇÃO DE ESTUDOS E PESQUISAS EM PROL DO DESENVOLVIMENTO DO DF";"COMPANHIA DE PLANEJ. DO DISTRITO FEDERAL-CODEPLAN";100.000,00;-100.000,00;0,00;0,00;0,00;0,00;0,00;0,00;
"IOLANDO ALMEIDA";"10.122.6202.4166.0025 - PROGRAMA DE DESCENTRALIZAÇÃO PROGRESSIVA DA AÇÕES DE SAÚDE - PDPAS-SES-2021";"FUNDO DE SAÚDE DO DISTRITO FEDERAL";0,00;400.000,00;-400.000,00;0,00;0,00;0,00;0,00;0,00;
"CHICO VIGILANTE";"18.122.8216.1142.0011 - AQUISIÇÃO DE VEÍCULO PARA O JARDIM ZOOLÓGICO DE BRASÍLIA";"FUNDAÇÃO JARDIM ZOOLÓGICO DE BRASÍLIA";150.000,00;-150.000,00;0,00;0,00;0,00;0,00;0,00;0,00;
"VALDELINO BARCELOS";"12.122.6221.9068.0190 - DESCENTRALIZAÇÃO DE RECURSOS FINANCEIROS PARA AS ESCOLAS";"SECRETARIA DE ESTADO DE EDUCAÇÃO DO DF";500.000,00;-500.000,00;0,00;0,00;0,00;0,00;0,00;0,00;
"PROF. REGINALDO VERAS";"10.122.6202.4166.0020 - PLANEJAMENTO E GESTÃO DA ATENÇÃO ESPECIALIZADA-PROGRAMA DE DESCENTRALIZAÇÃO PROGRESSIVA DAS AÇÕES DE SAÚDE - PDPAS - HOSPITAL DE BRAZLÂNDIA-DISTRITO FEDERAL";"FUNDO DE SAÚDE DO DISTRITO FEDERAL";0,00;100.000,00;-100.000,00;0,00;0,00;0,00;0,00;0,00;
"CHICO VIGILANTE";"10.122.6202.4166.0013 - PLANEJAMENTO E GESTÃO DA ATENÇÃO ESPECIALIZADA-PDPAS NA REGIÃO ADMINISTRATIVA DE CEILÂNDIA- CEILÂNDIA";"FUNDO DE SAÚDE DO DISTRITO FEDERAL";0,00;1.000.000,00;-1.000.000,00;0,00;0,00;0,00;0,00;0,00;
"FÁBIO FÉLIX";"10.122.6202.4166.0006 - DESCENTRALIZAÇÃO DE RECURSOS DIRETO PARA AS REGIONAIS DE SAÚDE DO DF";"FUNDO DE SAÚDE DO DISTRITO FEDERAL";300.000,00;400.000,00;-700.000,00;0,00;0,00;0,00;0,00;0,00;
"LEANDRO GRASS";"04.122.6203.2912.0002 - REALIZAÇÃO DE PESQUISAS SOCIOECONÔMICAS, URBANAS E AMBIENTAIS DO DISTRITO FEDERAL";"COMPANHIA DE PLANEJ. DO DISTRITO FEDERAL-CODEPLAN";131.000,00;-131.000,00;0,00;0,00;0,00;0,00;0,00;0,00;
"ARLETE AVELAR SAMPAIO";"04.122.6203.4089.5775 - CONTRATAÇÃO DE CURSOS FIC PELA ADMINISTRAÇÃO";"ADMINISTRAÇÃO REGIONAL DO PLANO PILOTO";150.000,00;-150.000,00;0,00;0,00;0,00;0,00;0,00;0,00;
"CLÁUDIO ABRANTES";"10.122.6202.4044.0001 - ENFRETAMENTO DA EMERGÊNCIA COVID 19 - SES - DISTRITO FEDERAL";"FUNDO DE SAÚDE DO DISTRITO FEDERAL";0,00;200.000,00;-200.000,00;0,00;0,00;0,00;0,00;0,00;
"ROOSEVELT VILELA";"20.122.8201.2422.9647 - CONCESSÃO DE BOLSA ESTÁGIO EMATER";"EMPRESA DE ASSIST. TÉC. E EXT. RURAL DO DF-EMATER";200.000,00;-200.000,00;0,00;0,00;0,00;0,00;0,00;0,00;
"JOÃO CARDOSO";"04.122.8205.8517.9831 - MANUTENÇÃO DE SERVIÇOS ADMINISTRATIVOS";"ADMINISTRAÇÃO REGIONAL DE SOBRADINHO";10.000,00;-10.000,00;0,00;0,00;0,00;0,00;0,00;0,00;
"JOÃO CARDOSO";"04.122.8205.8517.9831 - MANUTENÇÃO DE SERVIÇOS ADMINISTRATIVOS";"ADMINISTRAÇÃO REGIONAL DE SOBRADINHO";10.000,00;-10.000,00;0,00;0,00;0,00;0,00;0,00;0,00;
"JOÃO CARDOSO";"04.122.8205.8517.9831 - MANUTENÇÃO DE SERVIÇOS ADMINISTRATIVOS";"ADMINISTRAÇÃO REGIONAL DE SOBRADINHO";10.000,00;-10.000,00;0,00;0,00;0,00;0,00;0,00;0,00;
"JAQUELINE SILVA";"12.122.6221.9068.0183 - DESCENTRALIZAÇÃO DE RECURSOS FINANCEIROS PARA ESCOLAS DA REGIONAL DE SANTA MARIA-PROGRAMA PDAF";"SECRETARIA DE ESTADO DE EDUCAÇÃO DO DF";250.000,00;-250.000,00;0,00;0,00;0,00;0,00;0,00;0,00;
"ARLETE AVELAR SAMPAIO";"15.122.6209.3467.0069 - AQUISIÇÃO DE EQUIPAMENTOS-- CEILÂNDIA";"ADMINISTRAÇÃO REGIONAL DE CEILÂNDIA";0,00;40.000,00;0,00;-40.000,00;0,00;0,00;0,00;0,00;
"LEANDRO GRASS";"12.122.8209.1984.9868 - CONSTRUÇÃO DE PRÉDIOS E PRÓPRIOS-CONSTRUÇÃO DO MUSEU DA EDUCAÇÃO-DISTRITO FEDERAL";"COMPANHIA URB. DA NOVA CAPITAL DO BRASIL-NOVACAP";200.000,00;-200.000,00;0,00;0,00;0,00;0,00;0,00;0,00;
"MARTINS MACHADO";"20.122.8201.3903.9830 - IMPLANTAÇÃO DE CRECHE EM ÁREAS RURAIS DO DISTRITO FEDERAL";"EMPRESA DE ASSIST. TÉC. E EXT. RURAL DO DF-EMATER";360.000,00;-360.000,00;0,00;0,00;0,00;0,00;0,00;0,00;
"PROF. REGINALDO VERAS";"12.122.8209.1984.9863 - CONSTRUÇÃO DO MUSEU DA EDUCAÇÃO DO DISTRITO FEDERAL";"COMPANHIA URB. DA NOVA CAPITAL DO BRASIL-NOVACAP";300.000,00;-300.000,00;0,00;0,00;0,00;0,00;0,00;0,00;
"EDUARDO PEDROSA";"15.122.8209.1984.9864 - CONSTRUÇÃO DE PRÉDIOS E PRÓPRIOS EM PROL DE TODA COMUNIDADE DO DF";"COMPANHIA URB. DA NOVA CAPITAL DO BRASIL-NOVACAP";400.000,00;-400.000,00;0,00;0,00;0,00;0,00;0,00;0,00;
"RAFAEL PRUDENTE";"15.122.8209.1984.9862 - CONSTRUÇÃO DE PRÉDIOS E PRÓPRIOS-NAS REGIÕES ADMININISTRATIVAS-DISTRITO FEDERAL";"SECRETARIA DE ESTADO DE OBRAS E INFRAEST. DO DF";500.000,00;-500.000,00;0,00;0,00;0,00;0,00;0,00;0,00;
"ARLETE AVELAR SAMPAIO";"18.122.6210.3870.0002 - CERCAMENTO DAS MARGENS DO CÓRREGO ENTRE O ZOOLÓGICO E CANDANGOLÂNDIA";"FUNDAÇÃO JARDIM ZOOLÓGICO DE BRASÍLIA";250.000,00;-250.000,00;0,00;0,00;0,00;0,00;0,00;0,00;
"EDUARDO PEDROSA";"06.181.8217.3903.9832 - REFORMA E AMPLIAÇÃO DA ÁREA DE TREINAMENTO E DO ESTANDE DE TIRO DA PMDF";"POLÍCIA MILITAR DO DISTRITO FEDERAL - PMDF";100.000,00;-100.000,00;0,00;0,00;0,00;0,00;0,00;0,00;
"FÁBIO FÉLIX";"06.181.6217.2775.0011 - PROGRAMA DE PROTEÇÃO ÀS  MULHERES COM MEDIDA PROTETIVA DE URGÊNCIA";"SECRETARIA DE EST. DE  SEGURANÇA PÚBLICA DO DF";500.000,00;-500.000,00;0,00;0,00;0,00;0,00;0,00;0,00;
"VALDELINO BARCELOS";"06.181.6217.4031.0014 - INVESTIMENTO PARA O PROJETO DE VIDEOMONITORAMENTO EM PLANALTINA";"SECRETARIA DE EST. DE  SEGURANÇA PÚBLICA DO DF";500.000,00;-500.000,00;0,00;0,00;0,00;0,00;0,00;0,00;
"AGACIEL MAIA";"14.241.6211.2268.0010 - ASSISTÊNCIA AO IDOSO-PROJETO QUALIFICA 50+ DIGITAL-DISTRITO FEDERAL";"SECRETARIA DE EST. DE JUSTIÇA E CIDADANIA DO DF";0,00;300.000,00;0,00;0,00;300.000,00;0,00;0,00;0,00;
"CHICO VIGILANTE";"08.241.6228.9107.0032 - REFORMA DAS INSTALAÇÕES DA CASA DO CEARÁ";"SECRETARIA DE EST. DE DESENV. SOCIAL DO DF";50.000,00;-50.000,00;0,00;0,00;0,00;0,00;0,00;0,00;
"RODRIGO DELMASSO";"14.243.6211.9078.0022 - PROJETO ABRACE A ECOTERAPIA (OCA)";"SECRETARIA DE EST. DE JUSTIÇA E CIDADANIA DO DF";480.000,00;-480.000,00;0,00;0,00;0,00;0,00;0,00;0,00;
"RODRIGO DELMASSO";"14.243.6211.4091.5919 - PROJETO CONSULTÓRIO ODONTOLÓGICO ITINERANTE";"SECRETARIA DE EST. DE JUSTIÇA E CIDADANIA DO DF";300.000,00;-300.000,00;0,00;0,00;0,00;0,00;0,00;0,00;
"JORGE VIANNA";"14.243.6211.9078.0020 - ATIVIDADES DE EQUOTERAPIA PARA REABILITAÇÃO DA PESSOA COM NECESSIDADES ESPECIAIS";"SECRETARIA DE EST. DE JUSTIÇA E CIDADANIA DO DF";100.000,00;-100.000,00;0,00;0,00;0,00;0,00;0,00;0,00;
"RODRIGO DELMASSO";"14.243.6211.9078.0033 - TRANSFERÊNCIA ÀS INSTITUIÇÕES DE ASSISTÊNCIA ÀS CRIANÇAS E AOS ADOLESCENTES-PROJETO JOVEM PROTAGONISTA-DISTRITO FEDERAL";"SECRETARIA DE ESTADO DA JUVENTUDE DO DF";0,00;568.966,00;-568.966,00;0,00;0,00;0,00;0,00;0,00;
"JÚLIA LUCY";"14.243.6211.3096.0004 - CONSTRUÇÃO DO CONSELHO TUTELAR DO RECANTO DAS EMAS";"SECRETARIA DE EST. DE JUSTIÇA E CIDADANIA DO DF";800.000,00;-800.000,00;0,00;0,00;0,00;0,00;0,00;0,00;
"FÁBIO FÉLIX";"14.243.6211.4217.0004 - ACOMPANHAMENTO A EGRESSOS DO SISTEMA SOCIOEDUCATIVO";"SECRETARIA DE EST. DE JUSTIÇA E CIDADANIA DO DF";300.000,00;-300.000,00;0,00;0,00;0,00;0,00;0,00;0,00;
"ARLETE AVELAR SAMPAIO";"14.243.6211.9086.0004 - TRANSFERÊNCIA AO PROGRAMA PPCAM NO DISTRITO FEDERAL";"SECRETARIA DE EST. DE JUSTIÇA E CIDADANIA DO DF";100.000,00;-100.000,00;0,00;0,00;0,00;0,00;0,00;0,00;
"RODRIGO DELMASSO";"04.124.6203.4093.0004 - PROJETO DE OLHO NA SAÚDE";"CONTROLADORIA GERAL DO DISTRITO FEDERAL";150.000,00;-150.000,00;0,00;0,00;0,00;0,00;0,00;0,00;
"ROBÉRIO NEGREIROS";"11.126.8207.1471.5906 - MODERNIZAÇÃO DE SISTEMA DE INFORMAÇÃO";"FUNDO P/A GERAÇÃO DE EMP. E RENDA DO DF - FUNGER";504.636,00;-504.636,00;0,00;0,00;0,00;0,00;0,00;0,00;
"FERNANDO FERNANDES";"15.127.6208.4011.0017 - REGULARIZAÇÃO DA ÁREA DE INTERESSE SOCIAL DENOMINADA SETOR HABITACIONAL ÁGUA QUENTE.";"COMPANHIA DE DESENV. DA HABITAÇÃO  DO DF - CODHAB";290.000,00;-290.000,00;0,00;0,00;0,00;0,00;0,00;0,00;
"JORGE VIANNA";"15.127.6208.4011.0015 - REGULARIZAÇÃO DE INTERESSE SOCIAL SETOR PRIMAVERA - TAGUATINGA";"COMPANHIA DE DESENV. DA HABITAÇÃO  DO DF - CODHAB";200.000,00;-200.000,00;0,00;0,00;0,00;0,00;0,00;0,00;
"JÚLIA LUCY";"04.128.6203.2619.9713 - ATENÇÃO À SAÚDE E QUALIDADE DE VIDA DO SERVIDOR";"SEÇÃO DE ORÇAMENTO DA SECR. EST. ECONOMIA DO DF";300.000,00;-300.000,00;0,00;0,00;0,00;0,00;0,00;0,00;
"EDUARDO PEDROSA";"06.181.6217.1142.0012 - AQUISIÇÃO DE VEÍCULOS-AQUISIÇÃO DE VIATURA PARA COLETA DOMICILIAR DE LEITE MATERNO NO DF-DISTRITO FEDERAL";"CORPO DE BOMB. MILITAR DO DISTRITO FEDERAL - CBMDF";100.000,00;-100.000,00;0,00;0,00;0,00;0,00;0,00;0,00;
"DANIEL DONIZET";"06.181.6217.3029.9521 - AQUISIÇÃO DE EQUIPAMENTOS - POLÍCIA MILITAR AMBIENTAL";"POLÍCIA MILITAR DO DISTRITO FEDERAL - PMDF";300.000,00;-300.000,00;0,00;0,00;0,00;0,00;0,00;0,00;
"IOLANDO ALMEIDA";"15.451.8205.3903.9825 - REFORMA DE PRÉDIOS E PRÓPRIOS - MOHCIPED/DF";"ADMINISTRAÇÃO REGIONAL DE CEILÂNDIA";200.000,00;0,00;0,00;-200.000,00;0,00;0,00;0,00;0,00;
"ROOSEVELT VILELA";"15.451.6209.4041.0004 - MANUTENÇÃO E CONSERVAÇÃO URBANÍSTICA-MANUNTENÇÃO E CONSERVAÇÃO URBANÍSTICA - RIACHO FUNDO I  - RIACHO FUNDO";"ADMINISTRAÇÃO REGIONAL DO RIACHO FUNDO";0,00;500.000,00;-500.000,00;0,00;0,00;0,00;0,00;0,00;
"AGACIEL MAIA";"15.451.6209.1110.8147 - EXECUÇÃO DE OBRAS DE URBANIZAÇÃO E INFRAESTRUTURA NO RIACHO FUNDO II - H";"ADMINISTRAÇÃO REGIONAL DO RIACHO FUNDO II";500.000,00;-500.000,00;0,00;0,00;0,00;0,00;0,00;0,00;
"ARLETE AVELAR SAMPAIO";"13.392.6219.9075.0136 - TRANSFERÊNCIA DE RECURSOS PARA PROJETOS CULTURAIS EM TODO O DISTRITO FEDERAL";"SECRETARIA DE EST. DE CULTURA E ECON. CRIAT. DO DF";0,00;630.000,00;0,00;0,00;630.000,00;0,00;0,00;0,00;
"JAQUELINE SILVA";"18.542.6210.2536.0007 - CONTROLE REPRODUTIVO DE ANIMAIS NA REGIÃO ADMINISTRATIVA DE SANTA MARIA - RA XIII- SANTA M";"INSTITUTO DE MEIO AMBIENTE E REC. HÍDRICOS DO DF";150.000,00;-150.000,00;0,00;0,00;0,00;0,00;0,00;0,00;
"JOSÉ GOMES";"26.782.6216.1475.1204 - RECUPERAÇÃO DE RODOVIAS - RESTAURAÇÃO - DISTRITO FEDERAL - DF";"DEPTO DE ESTRADAS E RODAGEM DO DF - DER/DF";500.000,00;-500.000,00;0,00;0,00;0,00;0,00;0,00;0,00;
"RODRIGO DELMASSO";"27.812.6206.9080.0074 - TRANSFERÊNCIA DE RECURSOS PARA REALIZAÇÃO DE ATIVIDADES DE INCENTIVO AO ESPORTE E LAZER EM PROL DE TODA COMUNIDADE DO DF";"SECRETARIA DE ESTADO DE ESPORTE E LAZER DO DF";0,00;500.000,00;0,00;0,00;500.000,00;0,00;0,00;0,00;
"JORGE VIANNA";"14.244.6211.9087.0008 - PROJETO ASSISTÊNCIA À PESSOA ACOMETIDA DE CÂNCER - DF";"SECRETARIA DE EST. DE JUSTIÇA E CIDADANIA DO DF";80.000,00;-80.000,00;0,00;0,00;0,00;0,00;0,00;0,00;
"ROBÉRIO NEGREIROS";"04.122.8203.8517.9830 - MANUTENÇÃO DE SERVIÇOS ADMINISTRATIVOS GERAIS EM 2020";"ARQUIVO PÚBLICO DO DISTRITO FEDERAL";350.000,00;-350.000,00;0,00;0,00;0,00;0,00;0,00;0,00;
"RODRIGO DELMASSO";"19.243.6207.9118.0002 - PROJETO +SENAI (OCA)";"SECRETARIA DE EST. DE DESENV. SOCIAL DO DF";3.000.000,00;-3.000.000,00;0,00;0,00;0,00;0,00;0,00;0,00;
"JAQUELINE SILVA";"10.301.6202.3135.0040 - CONSTRUÇÃO DE  UNIDADES BÁSICAS DE SAÚDE NO DISTRITO FEDERAL-DF";"FUNDO DE SAÚDE DO DISTRITO FEDERAL";300.000,00;-300.000,00;0,00;0,00;0,00;0,00;0,00;0,00;
"ROBÉRIO NEGREIROS";"11.333.6207.4102.0013 - APOIO AO TRABALHADOR NO ÂMBITO DO SISTEMA NACIONAL DE EMPREGO-MODERNIZAÇÃO DAS AGÊNCIAS DO TRABALHADOR 2020-DISTRITO FEDERAL";"SECR. DE ESTADO DE TRABALHO DO DISTRITO FEDERAL";0,00;-100.000,00;100.000,00;0,00;0,00;0,00;0,00;0,00;
"ROBÉRIO NEGREIROS";"11.333.6207.4102.0013 - APOIO AO TRABALHADOR NO ÂMBITO DO SISTEMA NACIONAL DE EMPREGO-MODERNIZAÇÃO DAS AGÊNCIAS DO TRABALHADOR 2020-DISTRITO FEDERAL";"SECR. DE ESTADO DE TRABALHO DO DISTRITO FEDERAL";0,00;-2.000.000,00;2.000.000,00;0,00;0,00;0,00;0,00;0,00;
"PROF. REGINALDO VERAS";"15.752.6209.1836.0102 - AMPLIAÇÃO DOS PONTOS DE ILUMINAÇÃO PÚBLICA-NA REGIÃO DO SOL NASCENTEE PÔR DO SOL-DISTRITO FEDERAL";"SECRETARIA DE ESTADO DE OBRAS E INFRAEST. DO DF";0,00;200.000,00;0,00;0,00;200.000,00;0,00;0,00;0,00;
"JAQUELINE SILVA";"12.361.6221.3236.5564 - REFORMA DA ESCOLA CLASSE 01 DO PORTO RICO EM SANTA MARIA - RA XIII";"COMPANHIA URB. DA NOVA CAPITAL DO BRASIL-NOVACAP";250.000,00;-250.000,00;0,00;0,00;0,00;0,00;0,00;0,00;
"CLÁUDIO ABRANTES";"15.122.8209.1984.9870 - CONSTRUÇÃO DE PRÉDIOS E PRÓPRIOS - MUSEU DA EDUCAÇÃO - DF";"COMPANHIA URB. DA NOVA CAPITAL DO BRASIL-NOVACAP";500.000,00;-500.000,00;0,00;0,00;0,00;0,00;0,00;0,00;
"JÚLIA LUCY";"15.365.6221.3271.9368 - CONSTRUÇÃO DE CRECHES NO DF";"COMPANHIA URB. DA NOVA CAPITAL DO BRASIL-NOVACAP";3.500.000,00;-3.500.000,00;0,00;0,00;0,00;0,00;0,00;0,00;
"JOSÉ GOMES";"15.451.6206.3048.9606 - REFORMA DE ESPAÇOS ESPORTIVOS EM TODO O DISTRITO FEDERAL - DF";"COMPANHIA URB. DA NOVA CAPITAL DO BRASIL-NOVACAP";2.500.000,00;-2.500.000,00;0,00;0,00;0,00;0,00;0,00;0,00;
"JAQUELINE SILVA";"15.451.6207.3247.9248 - REFORMA DA FEIRA PERMANENTE DE SANTA MARIA - RA XIII";"COMPANHIA URB. DA NOVA CAPITAL DO BRASIL-NOVACAP";150.000,00;-150.000,00;0,00;0,00;0,00;0,00;0,00;0,00;
"FERNANDO FERNANDES";"10.122.6202.4166.0016 - PLANEJAMENTO E GESTÃO DA ATENÇÃO ESPECIALIZADA-AQUISIÇÃO DE MATERIAIS DE INSUMO-DISTRITO FEDERAL";"FUNDO DE SAÚDE DO DISTRITO FEDERAL";0,00;500.000,00;-500.000,00;0,00;0,00;0,00;0,00;0,00;
"IOLANDO ALMEIDA";"16.482.6208.3571.0007 - PROMOÇÃO DE MELHORIAS  IA HABITACIONAIS";"COMPANHIA DE DESENV. DA HABITAÇÃO  DO DF - CODHAB";800.000,00;-800.000,00;0,00;0,00;0,00;0,00;0,00;0,00;
"CHICO VIGILANTE";"27.812.6206.9080.0032 - APOIO AO CAMPEONATO DA LIGA DE FUTEBOL AMADOR DE BRAZLÂNDIA - LIFAB";"SECRETARIA DE ESTADO DE ESPORTE E LAZER DO DF";40.000,00;-40.000,00;0,00;0,00;0,00;0,00;0,00;0,00;
"FÁBIO FÉLIX";"14.243.6211.4091.5922 - APOIO AO PROJETO CINE UAMA";"SECRETARIA DE EST. DE JUSTIÇA E CIDADANIA DO DF";150.000,00;0,00;0,00;0,00;150.000,00;0,00;0,00;0,00;
"RODRIGO DELMASSO";"14.243.6211.9078.0025 - PROJETO FLORESCER (OCA)";"SECRETARIA DE EST. DE JUSTIÇA E CIDADANIA DO DF";50.000,00;-50.000,00;0,00;0,00;0,00;0,00;0,00;0,00;
"JOSÉ GOMES";"14.243.6211.9078.0026 - TRANSFERÊNCIA ÀS INSTITUIÇÕES DE ASSISTÊNCIA ÀS CRIANÇAS E AOS ADOLESCENTES DO DISTRITO FEDERAL ? DF";"SECRETARIA DE EST. DE JUSTIÇA E CIDADANIA DO DF";1.500.000,00;-1.500.000,00;0,00;0,00;0,00;0,00;0,00;0,00;
"LEANDRO GRASS";"14.122.8211.3467.0070 - AQUISIÇÃO DE EQUIPAMENTOS-PARA AS UNIDADES SOCIOASSISTENCIAIS PÚBLICOS DO-DISTRITO FEDERAL";"SECRETARIA DE ESTADO DA MULHER DO DISTRITO FEDERAL";0,00;-6.000,00;6.000,00;0,00;0,00;0,00;0,00;0,00;
"LEANDRO GRASS";"06.421.6217.2727.0007 - MANUTENÇÃO DO SISTEMA PENITENCIÁRIO DO DF--DISTRITO FEDERAL";"SECRETARIA DE ESTADO DE ADM. PENITENCIÁRIA DO DF";0,00;-251.000,00;251.000,00;0,00;0,00;0,00;0,00;0,00;
"FÁBIO FÉLIX";"03.061.8211.2422.9651 - ESTÁGIO REMUNERADO A JOVENS EM VULNERABILIDADE SOCIAL";"DEFENSORIA PÚBLICA DO DISTRITO FEDERAL";250.000,00;-250.000,00;0,00;0,00;0,00;0,00;0,00;0,00;
"FERNANDO FERNANDES";"10.302.6202.3467.0065 - AQUISIÇÃO DE EQUIPAMENTOS-HOSPITALARES PARA O HOSPITAL REGIONAL DE CEILÂNDIA HRC-DISTRITO FEDERAL";"FUNDO DE SAÚDE DO DISTRITO FEDERAL";0,00;793.000,00;0,00;0,00;793.000,00;0,00;0,00;0,00;
"JORGE VIANNA";"10.303.6202.4216.0023 - AQUISIÇÃO DE MEDICAMENTOS PARA A SECRETARIA DE SAÚDE  - SES-DF 2020";"FUNDO DE SAÚDE DO DISTRITO FEDERAL";1.000.000,00;0,00;-1.000.000,00;0,00;0,00;0,00;0,00;0,00;
"ROOSEVELT VILELA";"06.181.6217.3029.9522 - MODERNIZAÇÃO DO PARQUE TECNOLÓGICO DO BATALHÃO DE POLÍCIA MILITAR AMBIENTAL";"POLÍCIA MILITAR DO DISTRITO FEDERAL - PMDF";100.000,00;-100.000,00;0,00;0,00;0,00;0,00;0,00;0,00;
"ARLETE AVELAR SAMPAIO";"11.333.6207.9107.0055 - TRANSFERÊNCIA FINANCEIRA A ENTIDADES-APOIO AOS PROJETOS DO MOVIMENTO PRO SAÚDE MENTAL-DISTRITO FEDERAL";"SECR. DE ESTADO DE TRABALHO DO DISTRITO FEDERAL";0,00;-150.000,00;150.000,00;0,00;0,00;0,00;0,00;0,00;
"ARLETE AVELAR SAMPAIO";"11.333.6207.9107.0056 - TRANSFERÊNCIA FINANCEIRA A ENTIDADES-TRANSFERÊNCIA PARA EVENTOS LIGADOS À TERRA-DISTRITO FEDERAL";"SECR. DE ESTADO DE TRABALHO DO DISTRITO FEDERAL";0,00;-200.000,00;200.000,00;0,00;0,00;0,00;0,00;0,00;
"JOSÉ GOMES";"26.782.6216.1475.1203 - EXECUÇÃO DE PAVIMENTAÇÃO ASFÁLTICA - VC371 - SANTA MARIA - DF";"DEPTO DE ESTRADAS E RODAGEM DO DF - DER/DF";400.000,00;-400.000,00;0,00;0,00;0,00;0,00;0,00;0,00;
"HERMETO";"11.333.6207.9107.0045 - TRANSFERÊNCIA FINANCEIRA A ENTIDADES-AUXÍLIO À PROJETOS DE EMPREENDEDORISMO DAS MULHERES-DISTRITO FEDERAL";"SECRETARIA DE EST. DE DESENV. SOCIAL DO DF";0,00;500.000,00;-500.000,00;0,00;0,00;0,00;0,00;0,00;
"LEANDRO GRASS";"11.334.6207.9120.0001 - TRANSFERÊNCIA DE RECURSOS PARA PROJETOS DE CAPACITAÇÃO PARA O TRABALHO E EMPREENDEDORISMO-TRANSFERÊNCIA DE RECURSOS PARA PROJETOS DE CAPACITAÇÃO PARA O TRABALHO E EMPREENDEDORISMO-DISTRITO FEDERAL";"SECRETARIA DE EST. DE DESENV. SOCIAL DO DF";925.000,00;-400.000,00;-525.000,00;0,00;0,00;0,00;0,00;0,00;
"CHICO VIGILANTE";"14.422.6207.9107.0050 - TRANSFERÊNCIA FINANCEIRA A ENTIDADES-APOIO ÀS ATIVIDADES DO MOVIMENTO DOS TRABALHADORES RURAIS SEM TERRA -DISTRITO FEDERAL";"SECRETARIA DE EST. DE DESENV. SOCIAL DO DF";0,00;100.000,00;-100.000,00;0,00;0,00;0,00;0,00;0,00;
"JÚLIA LUCY";"19.573.6207.9118.0007 - TRANSFERÊNCIA DE RECURSOS PARA DIFUSÃO CIENTÍFICA E TECNOLÓGICA ? CAMPUS PARTY BRASÍLIA 2020";"SEC. DE ESTADO DE DESENVOLVIMENTO ECONÔMICO DO DF";500.000,00;-500.000,00;0,00;0,00;0,00;0,00;0,00;0,00;
"ARLETE AVELAR SAMPAIO";"18.542.6210.3210.3895 - INDICADORES AMBIENTAIS DO SISTEMA DE INFORMAÇÕES AMBIENTAIS";"SECRETARIA DE ESTADO DO MEIO AMBIENTE";650.000,00;-650.000,00;0,00;0,00;0,00;0,00;0,00;0,00;
"JORGE VIANNA";"10.122.6202.4166.0003 - PROGRAMA DE DESCENTRALIZAÇÃO PROGRESSIVA DAS AÇÕES DE SAÚDE - PDPAS-SES 2020";"FUNDO DE SAÚDE DO DISTRITO FEDERAL";2.000.000,00;0,00;-2.000.000,00;0,00;0,00;0,00;0,00;0,00;
"EDUARDO PEDROSA";"10.302.6202.3467.0051 - AQUISIÇÃO DE EQUIPAMENTOS-PARA A ÁREA DE SAÚDE - COMBATE AO CORONAVÍRUS-DISTRITO FEDERAL";"FUNDO DE SAÚDE DO DISTRITO FEDERAL";0,00;250.000,00;-250.000,00;0,00;0,00;0,00;0,00;0,00;
"CHICO VIGILANTE";"27.812.6206.3048.9602 - REFORMA E AMPLIAÇÃO DO SKATE PARK DO GAMA";"COMPANHIA URB. DA NOVA CAPITAL DO BRASIL-NOVACAP";700.000,00;-700.000,00;0,00;0,00;0,00;0,00;0,00;0,00;
"LEANDRO GRASS";"18.541.6210.3937.0001 - AQUISIÇÃO DE VEÍCULOS E EQUIPAMENTOS PARA COOPERATIVAS DE CATADORES DO DISTRITO FEDERAL";"SERVIÇO DE LIMPEZA URBANA DO DISTRITO FEDERAL- SLU";400.000,00;-400.000,00;0,00;0,00;0,00;0,00;0,00;0,00;
"HERMETO";"10.122.6202.4166.0002 - PLANEJAMENTO E GESTÃO DA ATENÇÃO ESPECIALIZADA-PROGRAMA DE DESCENTRALIZAÇÃO PROGRESSIVA - PDPAS-SES-DISTRITO FEDERAL";"FUNDO DE SAÚDE DO DISTRITO FEDERAL";0,00;200.000,00;-200.000,00;0,00;0,00;0,00;0,00;0,00;
"RODRIGO DELMASSO";"06.181.6217.4031.0025 - MONITORAMENTO POR CÂMERA DE VÍDEO-IMPLANTAÇÃO DO PROJETO DE VIDEOMONITORAMENTO NO SIA- SIA";"ADMINISTRAÇÃO REGIONAL SETOR IND. E ABASTECIMENTO";0,00;365.000,00;-365.000,00;0,00;0,00;0,00;0,00;0,00;
"RODRIGO DELMASSO";"20.606.6209.7316.6036 - IMPLANTAÇÃO DE SISTEMA DE ESGOTAMENTO SANITÁRIO EM COMUNIDADES RURAIS DO DF";"SECRETARIA DE AGRIC. ABASTECIMENTO E DESENV RURAL";500.000,00;-500.000,00;0,00;0,00;0,00;0,00;0,00;0,00;
"HERMETO";"04.131.6203.6057.0003 - APOIO À REALIZAÇÃO DE ATIVIDADES DE COMUNICAÇÃO SOCIAL";"SECRETARIA  DE ESTADO DE COMUNICACAO DO DISTRITO F";300.000,00;-300.000,00;0,00;0,00;0,00;0,00;0,00;0,00;
"CLÁUDIO ABRANTES";"27.392.6219.9075.0143 - APOIO AO EVENTO MOTO WEEK";"SECRETARIA DE EST. DE TURISMO DO DISTRITO FEDERAL";500.000,00;-500.000,00;0,00;0,00;0,00;0,00;0,00;0,00;
"HERMETO";"14.243.6211.3096.0003 - CONSTRUÇÃO DO CONSELHO TUTELAR DO NÚCLEO BANDEIRANTES";"SECRETARIA DE EST. DE JUSTIÇA E CIDADANIA DO DF";1.300.000,00;-1.300.000,00;0,00;0,00;0,00;0,00;0,00;0,00;
"FÁBIO FÉLIX";"14.243.6211.3096.0005 - CONSTRUÇÃO DA SEDE DE CONSELHO TUTELAR";"SECRETARIA DE EST. DE JUSTIÇA E CIDADANIA DO DF";435.000,00;-435.000,00;0,00;0,00;0,00;0,00;0,00;0,00;
"LEANDRO GRASS";"14.243.6211.9087.0009 - TRANSFERÊNCIA ÀS INSTITUIÇÕES DE ASSISTÊNCIA AOS JOVENS-APOIO A PROJETOS DE ASSISTÊNCIA AOS JOVENS DO DISTRITO FEDERAL-DISTRITO FEDERAL";"SECRETARIA DE EST. DE JUSTIÇA E CIDADANIA DO DF";250.000,00;0,00;-250.000,00;0,00;0,00;0,00;0,00;0,00;
"JAQUELINE SILVA";"14.243.6211.9107.0072 - TRANSFERÊNCIA FINANCEIRA A ENTIDADES-TRANSFERÊNCIA DE RECURSO PARA INSTITUIÇÕES DE CRIANÇA E ADOLESCENTE EM SISTUAÇÃO DE VULNERAVILIDADE SOCIAL-DISTRITO FEDERAL";"SECRETARIA DE EST. DE JUSTIÇA E CIDADANIA DO DF";0,00;150.000,00;0,00;0,00;150.000,00;0,00;0,00;0,00;
"DANIEL DONIZET";"15.451.6206.1079.0011 - CONSTRUÇÃO DE QUADRAS POLIESPORTIVAS NO GAMA";"ADMINISTRAÇÃO REGIONAL DO GAMA";300.000,00;-300.000,00;0,00;0,00;0,00;0,00;0,00;0,00;
"JOÃO CARDOSO";"15.752.6209.8507.6489 - MANUTENÇÃO DO SISTEMA DE ILUMINAÇÃO PÚBLICA-EFICIENTIZAÇÃO DO SISTEMA DE ILUMINAÇÃO PÚBLICA COM A INSTALAÇÃO DE LUMINÁRIAS DE LED-DISTRITO FEDERAL";"SECRETARIA DE ESTADO DE OBRAS E INFRAEST. DO DF";1.000.000,00;-1.000.000,00;0,00;0,00;0,00;0,00;0,00;0,00;
"JOSÉ GOMES";"15.451.6206.1079.0019 - CONSTRUÇÃO DE ESPAÇOS ESPORTIVOS E LAZER NO DISTRITO FEDERAL - DF";"COMPANHIA URB. DA NOVA CAPITAL DO BRASIL-NOVACAP";2.004.636,00;-2.004.636,00;0,00;0,00;0,00;0,00;0,00;0,00;
"IOLANDO ALMEIDA";"15.451.6209.1110.8158 - URBANIZAÇÃO ÁREA COMERCIAL E DE DIVERSÃO NORTE DE BRAZLANDIA IA";"COMPANHIA URB. DA NOVA CAPITAL DO BRASIL-NOVACAP";500.000,00;-500.000,00;0,00;0,00;0,00;0,00;0,00;0,00;
"MARTINS MACHADO";"10.122.6202.4166.0005 - PROGRAMA DE ESTADO DE SAÚDE DO DISTRITO FEDERAL - PDPAS";"FUNDO DE SAÚDE DO DISTRITO FEDERAL";544.636,00;-636,00;-544.000,00;0,00;0,00;0,00;0,00;0,00;
"CHICO VIGILANTE";"10.302.6202.3140.0007 - CONSTRUÇÃO DE UNIDADES DE ATENÇÃO ESPECIALIZADA EM SAÚDE-CONSTRUÇÃO DE UNIDADES DE PRONTO ATENDIMENTO - UPAS NO DISTRITO FEDERAL-DISTRITO FEDERAL";"FUNDO DE SAÚDE DO DISTRITO FEDERAL";0,00;1.630.254,00;0,00;0,00;1.630.254,00;0,00;0,00;0,00;
"FÁBIO FÉLIX";"10.302.6202.3223.0014 - REFORMA DE UNIDADES DE SAÚDE";"FUNDO DE SAÚDE DO DISTRITO FEDERAL";1.000.000,00;-1.000.000,00;0,00;0,00;0,00;0,00;0,00;0,00;
"JORGE VIANNA";"10.302.6202.3467.9627 - AQUISIÇÃO DE MATERIAIS PERMANENTES DE HOTELARIA  HOSPITALAR - SES-DF 2020";"FUNDO DE SAÚDE DO DISTRITO FEDERAL";500.000,00;-500.000,00;0,00;0,00;0,00;0,00;0,00;0,00;
"PROF. REGINALDO VERAS";"10.303.6202.4216.0021 - AQUISIÇÃO DE MEDICAMENTOS - ASSISTÊNCIA À SAÚDE PÚBLICA";"FUNDO DE SAÚDE DO DISTRITO FEDERAL";2.000.000,00;0,00;-2.000.000,00;0,00;0,00;0,00;0,00;0,00;
"RODRIGO DELMASSO";"06.181.6217.4031.0015 - AMPLIAÇÃO DO PROJETO DE VIDEOMONITORAMENTO NO GUARÁ";"SECRETARIA DE EST. DE  SEGURANÇA PÚBLICA DO DF";700.000,00;-700.000,00;0,00;0,00;0,00;0,00;0,00;0,00;
"DANIEL DONIZET";"06.181.6217.4031.0017 - MONITORAMENTO POR CÂMERA DE VÍDEO NA REGIÃO ADMINISTRATIVA DO JARDIM BOTÂNICO";"SECRETARIA DE EST. DE  SEGURANÇA PÚBLICA DO DF";190.000,00;-190.000,00;0,00;0,00;0,00;0,00;0,00;0,00;
"JÚLIA LUCY";"06.181.6217.3097.5825 - CONSTRUÇÃO DE UNIDADES POLICIAIS E DELEGACIAS DA PCDF";"POLÍCIA CIVIL DO DISTRITO FEDERAL - PCDF";500.000,00;-500.000,00;0,00;0,00;0,00;0,00;0,00;0,00;
"ARLETE AVELAR SAMPAIO";"11.122.6207.2782.0010 - DESENVOLVIMENTO, INCLUSÃO E PROMOÇÃO SOCIAL-DESENVOLVIMENTO DE AÇÕES VOLTADAS AO FORTALECIMENTO DE COOPERATIVAS DE CATADORES-DF ENTORNO";"SECR. DE ESTADO DE TRABALHO DO DISTRITO FEDERAL";0,00;-366.000,00;366.000,00;0,00;0,00;0,00;0,00;0,00;
"ROBÉRIO NEGREIROS";"11.244.8207.2396.5403 - CONSERVAÇÃO DAS ESTRUTURAS FÍSICAS DE EDIFICAÇÕES PÚBLICAS - SETRAB 2020";"FUNDO P/A GERAÇÃO DE EMP. E RENDA DO DF - FUNGER";600.000,00;-600.000,00;0,00;0,00;0,00;0,00;0,00;0,00;
"JAQUELINE SILVA";"26.782.6216.1475.1202 - RECUPERAÇÃO DA RODOVIA  VC-371 - COND. TOTAL VILLE - RA XIII";"DEPTO DE ESTRADAS E RODAGEM DO DF - DER/DF";1.000.000,00;-1.000.000,00;0,00;0,00;0,00;0,00;0,00;0,00;
"ARLETE AVELAR SAMPAIO";"23.695.6207.9085.0021 - TRANSFERÊNCIA DE RECURSOS PARA PROJETOS TURÍSTICOS  EM TODO O DISTRITO FEDERAL";"SECRETARIA DE EST. DE TURISMO DO DISTRITO FEDERAL";120.000,00;-120.000,00;0,00;0,00;0,00;0,00;0,00;0,00;
"ARLETE AVELAR SAMPAIO";"13.392.6219.4090.6132 - APOIO À REALIZAÇÃO DA FESTA JUNINA NO RIACHO FUNDO II";"ADMINISTRAÇÃO REGIONAL DO RIACHO FUNDO II";80.000,00;-80.000,00;0,00;0,00;0,00;0,00;0,00;0,00;
"EDUARDO PEDROSA";"15.452.6209.8508.9215 - MANUTENÇÃO DE ÁREAS URBANIZADAS E AJARDINADAS - ADMINISTRAÇÃO REGIONAL DO ITAPOÃ";"ADMINISTRAÇÃO REGIONAL DO ITAPOÃ";160.000,00;-160.000,00;0,00;0,00;0,00;0,00;0,00;0,00;
"EDUARDO PEDROSA";"15.452.6209.8508.9215 - MANUTENÇÃO DE ÁREAS URBANIZADAS E AJARDINADAS - ADMINISTRAÇÃO REGIONAL DO ITAPOÃ";"ADMINISTRAÇÃO REGIONAL DO ITAPOÃ";40.000,00;-40.000,00;0,00;0,00;0,00;0,00;0,00;0,00;
"IOLANDO ALMEIDA";"13.392.6219.2831.0089 - PROMOÇÃO DE ATIVIDADES CULTURAIS IA";"SECRETARIA DE EST. DE CULTURA E ECON. CRIAT. DO DF";1.000.000,00;-900.000,00;0,00;0,00;100.000,00;0,00;0,00;0,00;
"RODRIGO DELMASSO";"15.451.6209.1110.0324 - EXECUÇÃO DE OBRAS DE URBANIZAÇÃO-EXECUÇÃO DE RECAPEAMENTO ASFÁLTICO- GUARÁ";"ADMINISTRAÇÃO REGIONAL DO GUARÁ";0,00;1.000.000,00;-1.000.000,00;0,00;0,00;0,00;0,00;0,00;
"PROF. REGINALDO VERAS";"27.811.6206.9080.0052 - APOIO AO PROGRAMA EVENTOS DESPORTIVOS - JOGOS ESCOLARES";"SECRETARIA DE ESTADO DE ESPORTE E LAZER DO DF";74.636,00;-74.636,00;0,00;0,00;0,00;0,00;0,00;0,00;
"HERMETO";"27.812.6206.9080.0033 - APOIO A EVENTOS ESPORTIVOS NA REGIÃO ADMINISTRATIVA DO NÚCLEO BANDEIRANTE";"SECRETARIA DE ESTADO DE ESPORTE E LAZER DO DF";50.000,00;-50.000,00;0,00;0,00;0,00;0,00;0,00;0,00;
"RODRIGO DELMASSO";"14.243.6211.9078.0024 - PROJETO ABBA PAI CONTRA O ÀLCOOL E AS DROGAS. (OCA)";"SECRETARIA DE EST. DE JUSTIÇA E CIDADANIA DO DF";100.000,00;-100.000,00;0,00;0,00;0,00;0,00;0,00;0,00;
"LEANDRO GRASS";"14.243.6211.9086.0003 - APOIO AO PROGRAMA DE PROTEÇÃO A CRIANÇAS, ADOLESCENTES E DE JOVENS AMEAÇADOS DE MORTE - PPCAM";"SECRETARIA DE EST. DE JUSTIÇA E CIDADANIA DO DF";200.000,00;-200.000,00;0,00;0,00;0,00;0,00;0,00;0,00;
"HERMETO - EDUARDO PEDROSA";"14.422.6228.9107.0059 - TRANSFERÊNCIA FINANCEIRA A ENTIDADES-APOIO À REALIZAÇÃO DO PROJETO SER CRIANÇA - DROGAS TÔ FORA 2020-DISTRITO FEDERAL";"SECRETARIA DE EST. DE JUSTIÇA E CIDADANIA DO DF";0,00;500.000,00;0,00;0,00;500.000,00;0,00;0,00;0,00;
"JOSÉ GOMES";"14.422.6211.9107.0063 - TRANSFERÊNCIA FINANCEIRA A ENTIDADES-AMPLIAÇÃO E MANUTENÇÃO DO SERVIÇO ITINERANTE À VIOLÊNCIA CONTRA MULHER NO-DISTRITO FEDERAL";"SECRETARIA DE ESTADO DA MULHER DO DISTRITO FEDERAL";0,00;1.000,00;0,00;0,00;1.000,00;0,00;0,00;0,00;
"RODRIGO DELMASSO";"14.243.6206.9080.0073 - TRANSFERÊNCIA DE RECURSOS PARA PROJETOS ESPORTIVOS-IMPLANTAÇÃO DO PROJETO VIVAVOLEI INCLASÃO NACIONAL-DISTRITO FEDERAL";"SECRETARIA DE ESTADO DA JUVENTUDE DO DF";0,00;1.100.000,00;-1.100.000,00;0,00;0,00;0,00;0,00;0,00;
"REGINALDO SARDINHA";"06.422.6217.2726.0004 - MODERNIZAÇÃO DA INFRAESTRUTURA, SERVIÇOS E EQUIPAMENTOS DO SISTEMA PRISIONAL- EQUIPAMENTOS PARA UNIDADES DO SISTEMA PENITENCIÁRIO (EM 2021)-DISTRITO FEDERAL";"SECRETARIA DE ESTADO DE ADM. PENITENCIÁRIA DO DF";0,00;-330.000,00;330.000,00;0,00;0,00;0,00;0,00;0,00;
"AGACIEL MAIA";"15.451.6209.1110.8114 - EXECUCÇÃO DE OBRAS DE URBANIZAÇÃO - OBRAS DE URBANIZAÇÃO E INFRAESTRUTURA NO GAMA - RA II - H";"ADMINISTRAÇÃO REGIONAL DO GAMA";500.000,00;-500.000,00;0,00;0,00;0,00;0,00;0,00;0,00;
"IOLANDO ALMEIDA";"15.451.6206.1950.9526 - CONSTRUÇÃO DE PRAÇA DA BÍBLIA IA";"ADMINISTRAÇÃO REGIONAL DE  BRAZLANDIA";300.000,00;-300.000,00;0,00;0,00;0,00;0,00;0,00;0,00;
"AGACIEL MAIA";"15.451.6209.1110.8130 - EXECUÇÃO DE OBRAS DE URBANIZAÇÃO E INFRAESTRUTURA EM CEILÂNDIA - H";"ADMINISTRAÇÃO REGIONAL DE CEILÂNDIA";1.000.000,00;-1.000.000,00;0,00;0,00;0,00;0,00;0,00;0,00;
"ROOSEVELT VILELA";"23.695.6207.9085.0019 - APOIO À REALIZAÇÃO DO CONGRESSO BRASILEIRO DE APICULTURA E DE MELIPONICULTURA";"SECRETARIA DE EST. DE TURISMO DO DISTRITO FEDERAL";250.000,00;-250.000,00;0,00;0,00;0,00;0,00;0,00;0,00;
"EDUARDO PEDROSA";"10.302.6202.3467.9629 - AQUSIÇÃO DE EQUIPAMENTOS MÉDICO HOSPITALARES PARA AS UNIDADES DA REDE PÚLICA DE SAÚDE DO DF";"SECRETARIA DE ESTADO DE SAÚDE DO DISTRITO FEDERAL";0,00;0,00;350.000,00;0,00;350.000,00;0,00;0,00;0,00;
"EDUARDO PEDROSA";"10.302.6202.3467.9629 - AQUSIÇÃO DE EQUIPAMENTOS MÉDICO HOSPITALARES PARA AS UNIDADES DA REDE PÚLICA DE SAÚDE DO DF";"FUNDO DE SAÚDE DO DISTRITO FEDERAL";1.000.000,00;-500.000,00;-350.000,00;0,00;150.000,00;0,00;0,00;0,00;
"DANIEL DONIZET";"10.303.6202.4216.0025 - AQUISIÇÃO DE MEDICAMENTOS- COVID 19 - SES-DISTRITO FEDERAL";"FUNDO DE SAÚDE DO DISTRITO FEDERAL";0,00;300.000,00;-300.000,00;0,00;0,00;0,00;0,00;0,00;
"MARTINS MACHADO";"18.542.6210.2536.0008 - MANUTENÇÃO E AMPLIAÇÃO DO PROGRAMA DE SANIEDADE DE ANIMAIS DOMESTISCOS";"INSTITUTO DE MEIO AMBIENTE E REC. HÍDRICOS DO DF";300.000,00;-300.000,00;0,00;0,00;0,00;0,00;0,00;0,00;
"CHICO VIGILANTE";"15.451.6207.3247.9249 - REFORMA DA FEIRA PERMANENTE DE SÃO SEBASTIÃO";"COMPANHIA URB. DA NOVA CAPITAL DO BRASIL-NOVACAP";500.000,00;-500.000,00;0,00;0,00;0,00;0,00;0,00;0,00;
"JOÃO CARDOSO";"15.451.6216.3087.3891 - IMPLANTAÇÃO DE ROTA ACESSÍVEL AO CENTRO DE ENSINO ESPECIAL 1 DE SOBRADINHO/DF";"COMPANHIA URB. DA NOVA CAPITAL DO BRASIL-NOVACAP";400.000,00;-400.000,00;0,00;0,00;0,00;0,00;0,00;0,00;
"JORGE VIANNA";"10.122.6202.3223.0013 - REFORMA E AMPLIAÇÃO DA RADIOLOGIA DO HOSPITAL REGIONAL DE PLANALTINA - HRPL - SES - 2020";"FUNDO DE SAÚDE DO DISTRITO FEDERAL";300.000,00;0,00;-300.000,00;0,00;0,00;0,00;0,00;0,00;
"JORGE VIANNA";"10.122.6202.3223.0013 - REFORMA E AMPLIAÇÃO DA RADIOLOGIA DO HOSPITAL REGIONAL DE PLANALTINA - HRPL - SES - 2020";"COMPANHIA URB. DA NOVA CAPITAL DO BRASIL-NOVACAP";0,00;0,00;300.000,00;0,00;300.000,00;0,00;0,00;0,00;
"ARLETE AVELAR SAMPAIO";"10.302.6202.3467.0063 - AQUISIÇÃO DE EQUIPAMENTOS-PARA O COMBATE AO COVID-19-DISTRITO FEDERAL";"FUNDO DE SAÚDE DO DISTRITO FEDERAL";0,00;1.000.000,00;-1.000.000,00;0,00;0,00;0,00;0,00;0,00;
"FERNANDO FERNANDES";"20.606.6201.2173.0023 - FORTALECIMENTO DO EMPREGO E QUALIFICAÇÃO DO SETOR AGROPECUÁRIO";"EMPRESA DE ASSIST. TÉC. E EXT. RURAL DO DF-EMATER";24.000,00;-24.000,00;0,00;0,00;0,00;0,00;0,00;0,00;
"FERNANDO FERNANDES";"20.606.6201.2173.0023 - FORTALECIMENTO DO EMPREGO E QUALIFICAÇÃO DO SETOR AGROPECUÁRIO";"EMPRESA DE ASSIST. TÉC. E EXT. RURAL DO DF-EMATER";120.000,00;-120.000,00;0,00;0,00;0,00;0,00;0,00;0,00;
"LEANDRO GRASS";"20.606.6201.2173.0021 - IMPLANTAÇÃO DE HORTAS ESCOLARES NA REDE PÚBLICA DE ENSINO DO DISTRITO FEDERAL";"EMPRESA DE ASSIST. TÉC. E EXT. RURAL DO DF-EMATER";10.000,00;-10.000,00;0,00;0,00;0,00;0,00;0,00;0,00;
"ROOSEVELT VILELA";"20.608.6201.2620.0005 - APOIO À AGRICULTURA URBANA E PERI-URBANA NA PROMOÇÃO DE RENDA E COMPLEMENTAR E SEGURANÇA ALIMENTAR E NUTRICIONAL";"SECRETARIA DE AGRIC. ABASTECIMENTO E DESENV RURAL";500.000,00;-435.000,00;0,00;-65.000,00;0,00;0,00;0,00;0,00;
"REGINALDO SARDINHA";"23.695.6207.9085.0022 - APOIO A PROJETOS DE DESENVOLVIMENTO DO TURISMO EM TODO O DF (EM 2020)";"SECRETARIA DE EST. DE TURISMO DO DISTRITO FEDERAL";2.450.000,00;-2.450.000,00;0,00;0,00;0,00;0,00;0,00;0,00;
"HERMETO";"15.752.6209.1836.7011 - AMPLIAÇÃO DOS PONTOS DE ILUMINAÇÃO PÚBLICA DO RIACHO FUNDO I";"ADMINISTRAÇÃO REGIONAL DO RIACHO FUNDO";300.000,00;0,00;-279.973,34;0,00;20.026,66;0,00;0,00;0,00;
"JORGE VIANNA";"25.752.6209.1836.7009 - AMPLIAÇÃO DA REDE DE ILUMINAÇÃO PÚBLICA  -  SAMAMBAIA";"ADMINISTRAÇÃO REGIONAL DE SAMAMBAIA";500.000,00;-500.000,00;0,00;0,00;0,00;0,00;0,00;0,00;
"RODRIGO DELMASSO";"15.752.6209.8507.0027 - MANUTENÇÃO DO SISTEMA DE ILUMINAÇÃO PÚBLICA-MODERNIZAÇÃO E EFICIENTIZAÇÃO DA ILUMINAÇÃO PÚBLICA- SIA";"ADMINISTRAÇÃO REGIONAL SETOR IND. E ABASTECIMENTO";0,00;1.650.000,00;-1.650.000,00;0,00;0,00;0,00;0,00;0,00;
"RAFAEL PRUDENTE";"26.782.6216.3005.0016 - AMPLIAÇÃO DE RODOVIAS NAS REG. ADM. DO DF";"DEPTO DE ESTRADAS E RODAGEM DO DF - DER/DF";850.000,00;-850.000,00;0,00;0,00;0,00;0,00;0,00;0,00;
"CHICO VIGILANTE";"25.752.6209.1836.7012 - AMPLIAÇÃO DOS PONTOS DE ILUMINAÇÃO PÚBLICA-MELHORIA E AMPLIAÇÃO DOS PONTOS DE ILUMINAÇÃO PÚBLICA DA SQN 412- PLANO PILOTO .";"SECRETARIA DE ESTADO DE OBRAS E INFRAEST. DO DF";500.000,00;-500.000,00;0,00;0,00;0,00;0,00;0,00;0,00;
"JOÃO CARDOSO";"26.782.6216.5745.0027 - PAVIMENTAÇÃO ASFÁLTICA DA DF-440 - TRECHO CONDOMÍNIO RK ATÉ A VC-263, COM EXTENSÃO DE 6,1 KM";"DEPTO DE ESTRADAS E RODAGEM DO DF - DER/DF";2.000.000,00;-2.000.000,00;0,00;0,00;0,00;0,00;0,00;0,00;
"JOÃO CARDOSO";"26.782.6216.3182.0005 - CONCLUSÃO DA REFORMA DO TERMINAL DE ÔNIBUS DE SOBRADINHO - RA V";"SECRETARIA DE EST.DE TRANSPORTE E MOBILIDADE DO DF";1.000.000,00;-1.000.000,00;0,00;0,00;0,00;0,00;0,00;0,00;
"RODRIGO DELMASSO";"27.811.6206.9080.0042 - LIGA DAS NAÇÕES DE VOLEIBOL ADULTO - MASCULINO E FEMININO";"SECRETARIA DE ESTADO DE ESPORTE E LAZER DO DF";3.000.000,00;-3.000.000,00;0,00;0,00;0,00;0,00;0,00;0,00;
"JOÃO CARDOSO";"27.812.6206.2024.5835 - APOIO AO ESPORTE NO DISTRITO FEDERAL";"SECRETARIA DE ESTADO DE ESPORTE E LAZER DO DF";50.000,00;-50.000,00;0,00;0,00;0,00;0,00;0,00;0,00;
"JOÃO CARDOSO";"27.812.6206.2024.5835 - APOIO AO ESPORTE NO DISTRITO FEDERAL";"SECRETARIA DE ESTADO DE ESPORTE E LAZER DO DF";50.000,00;-50.000,00;0,00;0,00;0,00;0,00;0,00;0,00;
"ROOSEVELT VILELA";"27.812.6206.2631.0011 - APOIO AO PROGRAMA COMPETE";"SECRETARIA DE ESTADO DE ESPORTE E LAZER DO DF";90.000,00;-90.000,00;0,00;0,00;0,00;0,00;0,00;0,00;
"JOÃO CARDOSO";"27.812.6206.2024.5835 - APOIO AO ESPORTE NO DISTRITO FEDERAL";"SECRETARIA DE ESTADO DE ESPORTE E LAZER DO DF";50.000,00;-50.000,00;0,00;0,00;0,00;0,00;0,00;0,00;
"HERMETO";"27.812.6206.3596.8549 - COBERTURA DA QUADRA POLIESPORTIVA DO 4º BATALHÃO DE POLÍCIA MILITAR DO GUARÁ";"COMPANHIA URB. DA NOVA CAPITAL DO BRASIL-NOVACAP";800.000,00;-800.000,00;0,00;0,00;0,00;0,00;0,00;0,00;
"JOÃO CARDOSO";"27.812.6206.2024.5835 - APOIO AO ESPORTE NO DISTRITO FEDERAL";"SECRETARIA DE ESTADO DE ESPORTE E LAZER DO DF";50.000,00;-50.000,00;0,00;0,00;0,00;0,00;0,00;0,00;
"MARTINS MACHADO";"18.451.8201.3903.9831 - REFORMA E AMPLIAÇÃO DO LABORATÓRIO DE REPRODUÇÃO `IN VIDRO¿ DO JARDIM BOTÂNICO DE BRASÍLIA";"JARDIM BOTÂNICO DE BRASÍLIA";400.000,00;-400.000,00;0,00;0,00;0,00;0,00;0,00;0,00;
"FERNANDO FERNANDES";"15.451.6209.1968.3225 - ELABORAÇÃO DO PROJETO EXECUTIVO DA VC 311 À DF 180";"DEPTO DE ESTRADAS E RODAGEM DO DF - DER/DF";500.000,00;-500.000,00;0,00;0,00;0,00;0,00;0,00;0,00;
"CHICO VIGILANTE";"15.451.6209.1110.8174 - EXECUÇÃO DE OBRAS DE INFRAESTRUTURA NO DISTRITO FEDERAL";"COMPANHIA URB. DA NOVA CAPITAL DO BRASIL-NOVACAP";2.000.000,00;-2.000.000,00;0,00;0,00;0,00;0,00;0,00;0,00;
"CHICO VIGILANTE";"15.451.6216.3087.3892 - EXECUÇÃO DE OBRAS DE ACESSIBILIDADE NA REGIÃO ADMINISTRATIVA DE SÃO SEBASTIÃO";"COMPANHIA URB. DA NOVA CAPITAL DO BRASIL-NOVACAP";360.000,00;-360.000,00;0,00;0,00;0,00;0,00;0,00;0,00;
"FERNANDO FERNANDES";"26.451.6216.1347.9498 - CONSTRUÇÃO DE PASSARELA-CONSTRUÇÃO DE PASSARELA DE PEDESTRE SOBRE A LINHA METROVIÁRIA PARA ACESSO À ESTAÇÃO ESTRADA PARQUE, EM ÁGUAS CLARAS - DF.- REGIÃO SUL";"COMPANHIA DO METROPOLITANO DO DF - METRÔ-DF";300.000,00;-300.000,00;0,00;0,00;0,00;0,00;0,00;0,00;
"IOLANDO ALMEIDA";"15.451.6209.1110.8121 - CONSTRUÇÃO DE ESTACIONAMENTO IA QUADRA 17 - EM FRENTE ADB EM SOBRADINHO";"ADMINISTRAÇÃO REGIONAL DE SOBRADINHO";300.000,00;0,00;0,00;-300.000,00;0,00;0,00;0,00;0,00;
"IOLANDO ALMEIDA";"15.752.6209.1836.7005 - ILUMINAÇÃO PISTA DE CICLISMO TRECHO BR-080 ATÉ PADRE LÚCIO";"ADMINISTRAÇÃO REGIONAL DE  BRAZLANDIA";500.000,00;-500.000,00;0,00;0,00;0,00;0,00;0,00;0,00;
"IOLANDO ALMEIDA";"27.813.6206.2024.5836 - PROMOÇÃO DE ATIVIDADES PE ESPORTIVAS NO DF";"SECRETARIA DE ESTADO DE ESPORTE E LAZER DO DF";150.000,00;-150.000,00;0,00;0,00;0,00;0,00;0,00;0,00;
"EDUARDO PEDROSA";"15.451.6209.1110.8167 - EXECUÇÃO DE OBRAS DE URBANIZAÇÃO EM PROL DE TODA COMUNIDADE DO DF";"COMPANHIA URB. DA NOVA CAPITAL DO BRASIL-NOVACAP";800.000,00;-800.000,00;0,00;0,00;0,00;0,00;0,00;0,00;
"HERMETO";"15.451.6206.3902.9543 - CONSTRUÇÃO DE PARQUINHOS INFANTIS NA REGIÃO ADMINISTRATIVA DO NÚCLEO BANDEIRANTES";"COMPANHIA URB. DA NOVA CAPITAL DO BRASIL-NOVACAP";400.000,00;-400.000,00;0,00;0,00;0,00;0,00;0,00;0,00;
"REGINALDO SARDINHA";"15.452.6209.3002.0026 - CONSTRUÇÃO DE PONTO DE ENTREGA VOLUNTÁRIA - PEV - PAPA ENTULHO (EM 2020)";"SERVIÇO DE LIMPEZA URBANA DO DISTRITO FEDERAL- SLU";330.000,00;-330.000,00;0,00;0,00;0,00;0,00;0,00;0,00;
"PROF. REGINALDO VERAS";"15.452.6209.3002.0021 - CONSTRUÇÃO DE PONTO DE ENTREGA VOLUNTÁRIA - PEV (PAPA ENTULHO)";"SERVIÇO DE LIMPEZA URBANA DO DISTRITO FEDERAL- SLU";20.000,00;-20.000,00;0,00;0,00;0,00;0,00;0,00;0,00;
"FÁBIO FÉLIX";"16.482.6208.1213.0908 - CONSTRUÇÃO DE CASAS POPULARES";"COMPANHIA DE DESENV. DA HABITAÇÃO  DO DF - CODHAB";500.000,00;-500.000,00;0,00;0,00;0,00;0,00;0,00;0,00;
"LEANDRO GRASS";"18.541.6210.3216.0004 - IMPLANTAÇÃO DO ZONEAMENTO ECOLÓGICO ECONÔMICO-ZEE NO DISTRITO FEDERAL";"SECRETARIA DE ESTADO DO MEIO AMBIENTE";300.000,00;-300.000,00;0,00;0,00;0,00;0,00;0,00;0,00;
"CLÁUDIO ABRANTES";"15.451.6209.1110.8181 - EXECUÇÃO DE OBRAS DE URBANIZAÇÃO EM TODO O DISTRITO FEDERAL EM 2019";"COMPANHIA URB. DA NOVA CAPITAL DO BRASIL-NOVACAP";585.000,00;-185.000,00;-400.000,00;0,00;0,00;0,00;0,00;0,00;
"MARTINS MACHADO";"19.573.6207.9118.0006 - APOIO A PROJETOS A CIÊNCIA TECNOLOGIA";"SEC. DE ESTADO DE DESENVOLVIMENTO ECONÔMICO DO DF";600.000,00;0,00;-600.000,00;0,00;0,00;0,00;0,00;0,00;
"JÚLIA LUCY";"19.573.6207.4089.5776 - APOIO AO PROGRAMA RECICLO ? TECH";"SEC. DE ESTADO DE DESENVOLVIMENTO ECONÔMICO DO DF";300.000,00;-300.000,00;0,00;0,00;0,00;0,00;0,00;0,00;
"EDUARDO PEDROSA";"20.605.6201.3534.9653 - CONSTRUÇÃO DE GALPÃO EM PROL DE COMUNIDADES RURAIS DO DF";"SECRETARIA DE AGRIC. ABASTECIMENTO E DESENV RURAL";100.000,00;-100.000,00;0,00;0,00;0,00;0,00;0,00;0,00;
"ROOSEVELT VILELA";"20.606.6201.3467.0071 - AQUISIÇÃO DE EQUIPAMENTOS-AQUISIÇÃO DE EQUIPAMENTO PARA A AGRICULTURA FAMILIAR -DF ENTORNO";"SECRETARIA DE AGRIC. ABASTECIMENTO E DESENV RURAL";0,00;75.000,00;0,00;0,00;75.000,00;0,00;0,00;0,00;
"JAQUELINE SILVA";"18.541.6210.3870.0003 - IMPLEMENTAÇÃO DE ESPAÇOS E ESTRUTURAS DE ESPORTE, LAZER, ARTE E CULTURA NO DISTRITO FEDERAL";"INSTITUTO DE MEIO AMBIENTE E REC. HÍDRICOS DO DF";50.000,00;-50.000,00;0,00;0,00;0,00;0,00;0,00;0,00;
"JAQUELINE SILVA";"18.541.6210.3870.0003 - IMPLEMENTAÇÃO DE ESPAÇOS E ESTRUTURAS DE ESPORTE, LAZER, ARTE E CULTURA NO DISTRITO FEDERAL";"INSTITUTO DE MEIO AMBIENTE E REC. HÍDRICOS DO DF";720.000,00;-290.000,00;0,00;0,00;430.000,00;0,00;0,00;0,00;
"JOSÉ GOMES";"18.541.6210.9107.0061 - TRANSFERÊNCIA FINANCEIRA A ENTIDADES-TRANSFERÊNCIA DE RECURSOS PARA PROJETOS DE EDUCAÇÃO AMBIENTAL E GESTÃO DE RESÍDUOS - DF -DISTRITO FEDERAL";"SECRETARIA DE ESTADO DO MEIO AMBIENTE";0,00;80.000,00;0,00;0,00;80.000,00;0,00;0,00;0,00;
"ARLETE AVELAR SAMPAIO";"18.541.6210.9107.0040 - TRANSFERÊNCIA DE RECURSOS PARA REALIZAÇÃO DO ?FÓRUM CARTA DA TERRA ? 20 ANOS?";"SECRETARIA DE ESTADO DO MEIO AMBIENTE";100.000,00;-100.000,00;0,00;0,00;0,00;0,00;0,00;0,00;
"REGINALDO SARDINHA";"15.812.6206.3048.9610 - REFORMA DE ESPAÇOS ESPORTIVOS NO DF (EM 2020)";"COMPANHIA URB. DA NOVA CAPITAL DO BRASIL-NOVACAP";954.818,00;-954.818,00;0,00;0,00;0,00;0,00;0,00;0,00;
"JAQUELINE SILVA";"15.812.6206.3048.9605 - REFORMA DE CAMPO DE GRAMA SINTÉTICA DA QD. 409 DE SANTA MARIA - RA XIII";"COMPANHIA URB. DA NOVA CAPITAL DO BRASIL-NOVACAP";250.000,00;-250.000,00;0,00;0,00;0,00;0,00;0,00;0,00;
"DANIEL DONIZET";"20.845.6201.9107.0030 - TRANSFERÊNCIA DE RECURSOS PARA ENTIDADES - EXECUÇÃO DE OBRAS NO PRÉDIO DA SEDE ADMINISTRATIVA DA GRANJA DO TORTO";"SECRETARIA DE AGRIC. ABASTECIMENTO E DESENV RURAL";1.650.000,00;-1.647.125,00;0,00;-2.875,00;0,00;0,00;0,00;0,00;
